!   mu    Theta      P11          P12          P33          P34
  1.0000   0.22   2927.04624      0.04813   2927.04597     -0.74527
  1.0000   0.50   2577.10711      0.22451   2577.10062     -3.46539
  0.9999   0.78   2059.69440      0.44315   2059.66268     -6.82817
  0.9998   1.06   1507.10677      0.59845   1507.02544     -9.29321
  0.9997   1.35   1022.53102      0.62828   1022.38662    -10.07473
  0.9996   1.63    654.62882      0.53361    654.42772     -9.30406
  0.9994   1.91    404.71026      0.36096    404.47412     -7.63162
  0.9993   2.20    248.70635      0.16935    248.46079     -5.73818
  0.9991   2.48    156.86447      0.00312    156.62966     -4.06489
  0.9988   2.76    104.39099     -0.11921    104.17812     -2.78382
  0.9986   3.05     74.33436     -0.20038     74.14665     -1.88887
  0.9983   3.33     56.48499     -0.25167     56.32051     -1.29794
  0.9980   3.61     45.20190     -0.28231     45.05647     -0.91891
  0.9977   3.89     37.53453     -0.29670     37.40388     -0.67742
  0.9973   4.18     31.97520     -0.29778     31.85617     -0.52123
  0.9970   4.46     27.74362     -0.29020     27.63442     -0.41642
  0.9966   4.74     24.41549     -0.27915     24.31519     -0.34274
  0.9962   5.03     21.74259     -0.26745     21.65045     -0.28921
  0.9957   5.31     19.56719     -0.25540     19.48229     -0.24981
  0.9952   5.59     17.77991     -0.24317     17.70125     -0.22042
  0.9947   5.88     16.29972     -0.23168     16.22629     -0.19729
  0.9942   6.16     15.06458     -0.22157     14.99548     -0.17679
  0.9937   6.44     14.02544     -0.21249     13.95993     -0.15645
  0.9931   6.73     13.14234     -0.20352     13.07993     -0.13620
  0.9925   7.01     12.38381     -0.19394     12.32399     -0.11779
  0.9919   7.29     11.72679     -0.18384     11.66873     -0.10264
  0.9913   7.58     11.15417     -0.17434     11.09682     -0.09087
  0.9906   7.86     10.65185     -0.16643     10.59449     -0.08198
  0.9899   8.14     10.20818     -0.15976     10.15074     -0.07559
  0.9892   8.43      9.81424     -0.15306      9.75722     -0.07095
  0.9885   8.71      9.46279     -0.14568      9.40713     -0.06676
  0.9877   8.99      9.14692     -0.13808      9.09366     -0.06198
  0.9869   9.28      8.86054     -0.13073      8.81030     -0.05654
  0.9861   9.56      8.59934     -0.12347      8.55185     -0.05094
  0.9853   9.84      8.36017     -0.11628      8.31447     -0.04551
  0.9844  10.13      8.13956     -0.10984      8.09469     -0.04040
  0.9835  10.41      7.93385     -0.10480      7.88943     -0.03602
  0.9826  10.69      7.74072     -0.10063      7.69686     -0.03292
  0.9817  10.98      7.55958     -0.09597      7.51644     -0.03120
  0.9808  11.26      7.39002     -0.08998      7.34754     -0.03015
  0.9798  11.54      7.23052     -0.08291      7.18864     -0.02873
  0.9788  11.83      7.07920     -0.07559      7.03796     -0.02635
  0.9778  12.11      6.93504     -0.06869      6.89449     -0.02319
  0.9767  12.39      6.79782     -0.06272      6.75792     -0.01997
  0.9756  12.68      6.66680     -0.05808      6.62746     -0.01749
  0.9745  12.96      6.54032     -0.05478      6.50152     -0.01620
  0.9734  13.24      6.41692     -0.05201      6.37866     -0.01603
  0.9723  13.52      6.29641     -0.04860      6.25864     -0.01643
  0.9711  13.81      6.17976     -0.04389      6.14234     -0.01670
  0.9699  14.09      6.06789     -0.03818      6.03080     -0.01633
  0.9687  14.37      5.96101     -0.03234      5.92434     -0.01515
  0.9675  14.66      5.85864     -0.02702      5.82251     -0.01319
  0.9662  14.94      5.75988     -0.02254      5.72424     -0.01059
  0.9649  15.22      5.66337     -0.01913      5.62807     -0.00768
  0.9636  15.51      5.56751     -0.01696      5.53247     -0.00511
  0.9623  15.79      5.47123     -0.01584      5.43652     -0.00372
  0.9609  16.07      5.37489     -0.01489      5.34059     -0.00396
  0.9595  16.36      5.28026     -0.01287      5.24632     -0.00546
  0.9581  16.64      5.18927     -0.00898      5.15555     -0.00704
  0.9567  16.92      5.10258     -0.00348      5.06902     -0.00744
  0.9552  17.21      5.01912      0.00249      4.98578     -0.00611
  0.9538  17.49      4.93695      0.00759      4.90387     -0.00354
  0.9523  17.77      4.85462      0.01112      4.82171     -0.00079
  0.9508  18.06      4.77194      0.01329      4.73904      0.00131
  0.9492  18.34      4.68979      0.01499      4.65686      0.00258
  0.9476  18.62      4.60937      0.01711      4.57655      0.00336
  0.9460  18.91      4.53142      0.01997      4.49888      0.00407
  0.9444  19.19      4.45590      0.02320      4.42368      0.00484
  0.9428  19.47      4.38213      0.02611      4.35010      0.00551
  0.9411  19.76      4.30916      0.02838      4.27719      0.00582
  0.9395  20.04      4.23636      0.03039      4.20435      0.00569
  0.9378  20.32      4.16363      0.03284      4.13157      0.00535
  0.9360  20.61      4.09145      0.03607      4.05934      0.00521
  0.9343  20.89      4.02058      0.03973      3.98843      0.00563
  0.9325  21.17      3.95163      0.04309      3.91948      0.00663
  0.9307  21.46      3.88473      0.04563      3.85262      0.00786
  0.9289  21.74      3.81944      0.04738      3.78735      0.00888
  0.9270  22.02      3.75499      0.04870      3.72287      0.00945
  0.9252  22.31      3.69081      0.04990      3.65860      0.00965
  0.9233  22.59      3.62685      0.05107      3.59456      0.00967
  0.9214  22.87      3.56356      0.05225      3.53120      0.00962
  0.9194  23.16      3.50146      0.05356      3.46901      0.00954
  0.9175  23.44      3.44078      0.05514      3.40819      0.00947
  0.9155  23.72      3.38142      0.05695      3.34868      0.00957
  0.9135  24.00      3.32313      0.05871      3.29025      0.00990
  0.9115  24.29      3.26566      0.06016      3.23263      0.01040
  0.9094  24.57      3.20881      0.06133      3.17560      0.01087
  0.9074  24.85      3.15246      0.06253      3.11906      0.01125
  0.9053  25.14      3.09666      0.06401      3.06308      0.01178
  0.9032  25.42      3.04169      0.06561      3.00795      0.01279
  0.9010  25.70      2.98792      0.06681      2.95397      0.01437
  0.8989  25.99      2.93551      0.06712      2.90129      0.01612
  0.8967  26.27      2.88421      0.06660      2.84968      0.01736
  0.8945  26.55      2.83346      0.06592      2.79868      0.01760
  0.8923  26.84      2.78286      0.06590      2.74788      0.01695
  0.8901  27.12      2.73244      0.06700      2.69729      0.01607
  0.8878  27.40      2.68272      0.06899      2.64733      0.01572
  0.8855  27.69      2.63426      0.07116      2.59853      0.01631
  0.8832  27.97      2.58731      0.07281      2.55117      0.01768
  0.8809  28.25      2.54165      0.07366      2.50510      0.01936
  0.8785  28.54      2.49669      0.07391      2.45982      0.02082
  0.8761  28.82      2.45195      0.07396      2.41486      0.02179
  0.8737  29.10      2.40732      0.07413      2.37005      0.02224
  0.8713  29.39      2.36316      0.07449      2.32562      0.02232
  0.8689  29.67      2.31994      0.07501      2.28202      0.02224
  0.8664  29.95      2.27792      0.07568      2.23955      0.02217
  0.8640  30.24      2.23698      0.07650      2.19820      0.02228
  0.8615  30.52      2.19671      0.07743      2.15766      0.02265
  0.8589  30.80      2.15681      0.07827      2.11756      0.02323
  0.8564  31.09      2.11723      0.07883      2.07772      0.02386
  0.8538  31.37      2.07812      0.07909      2.03821      0.02435
  0.8512  31.65      2.03963      0.07921      1.99925      0.02468
  0.8486  31.94      2.00186      0.07939      1.96109      0.02495
  0.8460  32.22      1.96491      0.07967      1.92389      0.02527
  0.8434  32.50      1.92885      0.07990      1.88771      0.02559
  0.8407  32.79      1.89367      0.07993      1.85240      0.02574
  0.8380  33.07      1.85918      0.07982      1.81765      0.02557
  0.8353  33.35      1.82509      0.07981      1.78317      0.02513
  0.8326  33.63      1.79124      0.08016      1.74889      0.02467
  0.8298  33.92      1.75777      0.08084      1.71503      0.02451
  0.8271  34.20      1.72495      0.08156      1.68193      0.02482
  0.8243  34.48      1.69292      0.08197      1.64972      0.02548
  0.8215  34.77      1.66156      0.08189      1.61820      0.02622
  0.8186  35.05      1.63061      0.08140      1.58710      0.02677
  0.8158  35.33      1.60001      0.08070      1.55633      0.02696
  0.8129  35.62      1.56990      0.08001      1.52608      0.02674
  0.8100  35.90      1.54046      0.07953      1.49650      0.02616
  0.8071  36.18      1.51165      0.07941      1.46752      0.02546
  0.8042  36.47      1.48326      0.07967      1.43892      0.02499
  0.8012  36.75      1.45519      0.08009      1.41061      0.02504
  0.7983  37.03      1.42750      0.08032      1.38271      0.02559
  0.7953  37.32      1.40041      0.08013      1.35547      0.02629
  0.7923  37.60      1.37405      0.07954      1.32900      0.02673
  0.7893  37.88      1.34833      0.07881      1.30320      0.02673
  0.7862  38.17      1.32300      0.07820      1.27778      0.02640
  0.7832  38.45      1.29783      0.07784      1.25254      0.02603
  0.7801  38.73      1.27284      0.07768      1.22752      0.02583
  0.7770  39.02      1.24831      0.07757      1.20301      0.02581
  0.7738  39.30      1.22455      0.07737      1.17925      0.02582
  0.7707  39.58      1.20155      0.07706      1.15620      0.02575
  0.7675  39.87      1.17899      0.07667      1.13354      0.02561
  0.7644  40.15      1.15646      0.07625      1.11091      0.02555
  0.7612  40.43      1.13389      0.07580      1.08831      0.02564
  0.7580  40.72      1.11154      0.07535      1.06602      0.02581
  0.7547  41.00      1.08979      0.07495      1.04435      0.02595
  0.7515  41.28      1.06883      0.07461      1.02341      0.02601
  0.7482  41.57      1.04857      0.07421      1.00312      0.02604
  0.7449  41.85      1.02877      0.07361      0.98329      0.02598
  0.7416  42.13      1.00919      0.07284      0.96373      0.02574
  0.7383  42.42      0.98972      0.07212      0.94434      0.02525
  0.7349  42.70      0.97039      0.07178      0.92511      0.02470
  0.7316  42.98      0.95135      0.07184      0.90615      0.02438
  0.7282  43.27      0.93271      0.07201      0.88754      0.02450
  0.7248  43.55      0.91450      0.07185      0.86937      0.02500
  0.7214  43.83      0.89666      0.07109      0.85163      0.02554
  0.7179  44.11      0.87912      0.06988      0.83428      0.02572
  0.7145  44.40      0.86184      0.06865      0.81726      0.02530
  0.7110  44.68      0.84489      0.06788      0.80054      0.02441
  0.7075  44.96      0.82834      0.06775      0.78410      0.02352
  0.7040  45.25      0.81224      0.06801      0.76794      0.02312
  0.7005  45.53      0.79647      0.06815      0.75204      0.02342
  0.6970  45.81      0.78088      0.06770      0.73642      0.02412
  0.6934  46.10      0.76541      0.06665      0.72109      0.02464
  0.6899  46.38      0.75013      0.06538      0.70612      0.02455
  0.6863  46.66      0.73521      0.06442      0.69151      0.02392
  0.6827  46.95      0.72075      0.06401      0.67727      0.02320
  0.6791  47.23      0.70670      0.06392      0.66336      0.02282
  0.6754  47.51      0.69294      0.06368      0.64972      0.02286
  0.6718  47.80      0.67934      0.06300      0.63629      0.02300
  0.6681  48.08      0.66583      0.06199      0.62300      0.02287
  0.6644  48.36      0.65242      0.06104      0.60978      0.02236
  0.6607  48.65      0.63914      0.06045      0.59665      0.02174
  0.6570  48.93      0.62611      0.06020      0.58371      0.02139
  0.6532  49.21      0.61345      0.05996      0.57114      0.02148
  0.6495  49.50      0.60121      0.05943      0.55905      0.02182
  0.6457  49.78      0.58931      0.05855      0.54739      0.02200
  0.6419  50.06      0.57759      0.05755      0.53595      0.02175
  0.6381  50.35      0.56592      0.05672      0.52457      0.02111
  0.6343  50.63      0.55437      0.05621      0.51323      0.02042
  0.6305  50.91      0.54310      0.05591      0.50210      0.02004
  0.6267  51.20      0.53222      0.05557      0.49133      0.02007
  0.6228  51.48      0.52167      0.05495      0.48093      0.02030
  0.6189  51.76      0.51127      0.05401      0.47076      0.02036
  0.6150  52.05      0.50089      0.05298      0.46065      0.02005
  0.6111  52.33      0.49053      0.05214      0.45053      0.01948
  0.6072  52.61      0.48030      0.05160      0.44054      0.01900
  0.6033  52.90      0.47036      0.05122      0.43084      0.01880
  0.5993  53.18      0.46082      0.05076      0.42154      0.01881
  0.5954  53.46      0.45159      0.05006      0.41252      0.01878
  0.5914  53.75      0.44248      0.04919      0.40357      0.01853
  0.5874  54.03      0.43333      0.04833      0.39454      0.01811
  0.5834  54.31      0.42417      0.04765      0.38551      0.01771
  0.5794  54.59      0.41519      0.04715      0.37673      0.01752
  0.5753  54.88      0.40660      0.04668      0.36837      0.01754
  0.5713  55.16      0.39838      0.04604      0.36043      0.01762
  0.5672  55.44      0.39036      0.04520      0.35271      0.01752
  0.5631  55.73      0.38236      0.04430      0.34503      0.01713
  0.5590  56.01      0.37435      0.04355      0.33731      0.01655
  0.5549  56.29      0.36645      0.04304      0.32962      0.01601
  0.5508  56.58      0.35875      0.04266      0.32207      0.01576
  0.5467  56.86      0.35128      0.04215      0.31470      0.01579
  0.5425  57.14      0.34398      0.04140      0.30753      0.01591
  0.5384  57.43      0.33680      0.04046      0.30055      0.01586
  0.5342  57.71      0.32973      0.03956      0.29372      0.01554
  0.5300  57.99      0.32279      0.03890      0.28704      0.01506
  0.5258  58.28      0.31597      0.03846      0.28045      0.01466
  0.5216  58.56      0.30925      0.03809      0.27393      0.01449
  0.5174  58.84      0.30264      0.03759      0.26751      0.01453
  0.5131  59.13      0.29617      0.03687      0.26125      0.01457
  0.5089  59.41      0.28987      0.03601      0.25519      0.01445
  0.5046  59.69      0.28375      0.03515      0.24930      0.01413
  0.5004  59.98      0.27779      0.03444      0.24353      0.01370
  0.4961  60.26      0.27197      0.03391      0.23789      0.01330
  0.4918  60.54      0.26629      0.03349      0.23238      0.01305
  0.4875  60.83      0.26073      0.03303      0.22699      0.01295
  0.4831  61.11      0.25522      0.03243      0.22165      0.01291
  0.4788  61.39      0.24971      0.03168      0.21632      0.01284
  0.4745  61.68      0.24423      0.03086      0.21101      0.01267
  0.4701  61.96      0.23889      0.03011      0.20583      0.01241
  0.4657  62.24      0.23377      0.02951      0.20086      0.01214
  0.4614  62.53      0.22888      0.02902      0.19608      0.01191
  0.4570  62.81      0.22411      0.02854      0.19142      0.01175
  0.4526  63.09      0.21937      0.02800      0.18682      0.01163
  0.4481  63.38      0.21462      0.02738      0.18225      0.01150
  0.4437  63.66      0.20991      0.02673      0.17776      0.01134
  0.4393  63.94      0.20531      0.02609      0.17338      0.01117
  0.4348  64.23      0.20084      0.02546      0.16911      0.01096
  0.4304  64.51      0.19650      0.02486      0.16489      0.01073
  0.4259  64.79      0.19225      0.02431      0.16071      0.01051
  0.4214  65.07      0.18812      0.02379      0.15663      0.01035
  0.4169  65.36      0.18416      0.02328      0.15275      0.01025
  0.4124  65.64      0.18037      0.02274      0.14910      0.01016
  0.4079  65.92      0.17663      0.02216      0.14559      0.00998
  0.4034  66.21      0.17283      0.02159      0.14202      0.00970
  0.3989  66.49      0.16892      0.02104      0.13827      0.00938
  0.3944  66.77      0.16500      0.02051      0.13441      0.00914
  0.3898  67.06      0.16127      0.01998      0.13066      0.00904
  0.3853  67.34      0.15784      0.01943      0.12721      0.00903
  0.3807  67.62      0.15466      0.01888      0.12408      0.00901
  0.3761  67.91      0.15157      0.01836      0.12114      0.00890
  0.3715  68.19      0.14843      0.01787      0.11819      0.00868
  0.3669  68.47      0.14522      0.01740      0.11515      0.00841
  0.3623  68.76      0.14201      0.01691      0.11204      0.00816
  0.3577  69.04      0.13886      0.01639      0.10894      0.00800
  0.3531  69.32      0.13580      0.01584      0.10592      0.00791
  0.3485  69.61      0.13284      0.01527      0.10303      0.00784
  0.3438  69.89      0.12996      0.01475      0.10028      0.00775
  0.3392  70.17      0.12720      0.01432      0.09768      0.00763
  0.3345  70.46      0.12456      0.01396      0.09518      0.00748
  0.3299  70.74      0.12197      0.01360      0.09270      0.00731
  0.3252  71.02      0.11941      0.01319      0.09023      0.00713
  0.3205  71.31      0.11685      0.01270      0.08776      0.00693
  0.3158  71.59      0.11433      0.01219      0.08534      0.00672
  0.3111  71.87      0.11185      0.01176      0.08297      0.00651
  0.3064  72.16      0.10941      0.01142      0.08063      0.00637
  0.3017  72.44      0.10703      0.01113      0.07831      0.00632
  0.2970  72.72      0.10475      0.01079      0.07605      0.00636
  0.2923  73.01      0.10260      0.01033      0.07391      0.00642
  0.2875  73.29      0.10054      0.00979      0.07190      0.00640
  0.2828  73.57      0.09848      0.00922      0.06999      0.00625
  0.2781  73.86      0.09636      0.00873      0.06808      0.00598
  0.2733  74.14      0.09420      0.00837      0.06614      0.00567
  0.2686  74.42      0.09210      0.00813      0.06418      0.00543
  0.2638  74.70      0.09012      0.00793      0.06226      0.00528
  0.2590  74.99      0.08829      0.00770      0.06042      0.00523
  0.2542  75.27      0.08655      0.00741      0.05868      0.00522
  0.2495  75.55      0.08487      0.00710      0.05703      0.00523
  0.2447  75.84      0.08318      0.00677      0.05545      0.00523
  0.2399  76.12      0.08146      0.00644      0.05388      0.00522
  0.2351  76.40      0.07968      0.00606      0.05227      0.00517
  0.2303  76.69      0.07788      0.00566      0.05061      0.00507
  0.2254  76.97      0.07615      0.00525      0.04899      0.00493
  0.2206  77.25      0.07459      0.00490      0.04749      0.00477
  0.2158  77.54      0.07320      0.00462      0.04615      0.00461
  0.2110  77.82      0.07189      0.00440      0.04488      0.00448
  0.2061  78.10      0.07053      0.00419      0.04358      0.00439
  0.2013  78.39      0.06907      0.00393      0.04218      0.00434
  0.1965  78.67      0.06757      0.00363      0.04073      0.00431
  0.1916  78.95      0.06616      0.00332      0.03933      0.00429
  0.1867  79.24      0.06490      0.00303      0.03807      0.00424
  0.1819  79.52      0.06377      0.00280      0.03694      0.00417
  0.1770  79.80      0.06265      0.00259      0.03589      0.00412
  0.1722  80.09      0.06148      0.00234      0.03484      0.00408
  0.1673  80.37      0.06022      0.00202      0.03372      0.00403
  0.1624  80.65      0.05895      0.00166      0.03256      0.00393
  0.1575  80.94      0.05775      0.00135      0.03139      0.00376
  0.1526  81.22      0.05663      0.00117      0.03028      0.00358
  0.1478  81.50      0.05559      0.00111      0.02924      0.00346
  0.1429  81.79      0.05461      0.00109      0.02829      0.00347
  0.1380  82.07      0.05365      0.00099      0.02739      0.00358
  0.1331  82.35      0.05271      0.00074      0.02652      0.00369
  0.1282  82.64      0.05178      0.00035      0.02564      0.00370
  0.1233  82.92      0.05083     -0.00007      0.02472      0.00356
  0.1184  83.20      0.04988     -0.00038      0.02377      0.00330
  0.1135  83.49      0.04894     -0.00053      0.02285      0.00307
  0.1085  83.77      0.04805     -0.00056      0.02201      0.00295
  0.1036  84.05      0.04719     -0.00055      0.02128      0.00294
  0.0987  84.34      0.04637     -0.00060      0.02062      0.00299
  0.0938  84.62      0.04560     -0.00072      0.01997      0.00301
  0.0889  84.90      0.04487     -0.00089      0.01927      0.00298
  0.0839  85.18      0.04417     -0.00108      0.01853      0.00293
  0.0790  85.47      0.04348     -0.00128      0.01776      0.00290
  0.0741  85.75      0.04275     -0.00149      0.01700      0.00288
  0.0692  86.03      0.04198     -0.00170      0.01627      0.00286
  0.0642  86.32      0.04121     -0.00188      0.01560      0.00282
  0.0593  86.60      0.04049     -0.00201      0.01501      0.00275
  0.0544  86.88      0.03987     -0.00211      0.01447      0.00269
  0.0494  87.17      0.03930     -0.00221      0.01395      0.00264
  0.0445  87.45      0.03874     -0.00233      0.01342      0.00261
  0.0395  87.73      0.03816     -0.00243      0.01287      0.00257
  0.0346  88.02      0.03758     -0.00246      0.01233      0.00253
  0.0297  88.30      0.03701     -0.00242      0.01182      0.00249
  0.0247  88.58      0.03648     -0.00238      0.01134      0.00249
  0.0198  88.87      0.03598     -0.00243      0.01086      0.00254
  0.0148  89.15      0.03548     -0.00264      0.01035      0.00262
  0.0099  89.43      0.03497     -0.00298      0.00981      0.00266
  0.0049  89.72      0.03446     -0.00332      0.00927      0.00263
  0.0000  90.00      0.03398     -0.00352      0.00877      0.00250
 -0.0049  90.28      0.03353     -0.00351      0.00833      0.00234
 -0.0099  90.57      0.03312     -0.00333      0.00797      0.00222
 -0.0148  90.85      0.03272     -0.00312      0.00767      0.00221
 -0.0198  91.13      0.03230     -0.00301      0.00739      0.00229
 -0.0247  91.42      0.03186     -0.00304      0.00707      0.00240
 -0.0297  91.70      0.03142     -0.00322      0.00669      0.00247
 -0.0346  91.98      0.03104     -0.00344      0.00624      0.00247
 -0.0395  92.27      0.03073     -0.00366      0.00579      0.00240
 -0.0445  92.55      0.03049     -0.00382      0.00537      0.00232
 -0.0494  92.83      0.03024     -0.00394      0.00504      0.00228
 -0.0544  93.12      0.02995     -0.00401      0.00478      0.00228
 -0.0593  93.40      0.02958     -0.00402      0.00459      0.00231
 -0.0642  93.68      0.02919     -0.00398      0.00442      0.00231
 -0.0692  93.97      0.02883     -0.00390      0.00423      0.00229
 -0.0741  94.25      0.02856     -0.00383      0.00400      0.00226
 -0.0790  94.53      0.02836     -0.00381      0.00371      0.00225
 -0.0839  94.82      0.02818     -0.00387      0.00336      0.00228
 -0.0889  95.10      0.02796     -0.00397      0.00300      0.00236
 -0.0938  95.38      0.02770     -0.00409      0.00267      0.00247
 -0.0987  95.66      0.02742     -0.00417      0.00243      0.00257
 -0.1036  95.95      0.02714     -0.00425      0.00228      0.00265
 -0.1085  96.23      0.02691     -0.00432      0.00219      0.00268
 -0.1135  96.51      0.02674     -0.00438      0.00210      0.00267
 -0.1184  96.80      0.02664     -0.00441      0.00196      0.00263
 -0.1233  97.08      0.02658     -0.00439      0.00176      0.00258
 -0.1282  97.36      0.02650     -0.00432      0.00153      0.00256
 -0.1331  97.65      0.02636     -0.00424      0.00128      0.00257
 -0.1380  97.93      0.02613     -0.00418      0.00105      0.00263
 -0.1429  98.21      0.02585     -0.00418      0.00083      0.00272
 -0.1478  98.50      0.02556     -0.00422      0.00064      0.00281
 -0.1526  98.78      0.02535     -0.00428      0.00050      0.00287
 -0.1575  99.06      0.02523     -0.00433      0.00039      0.00291
 -0.1624  99.35      0.02521     -0.00434      0.00030      0.00294
 -0.1673  99.63      0.02521     -0.00434      0.00022      0.00299
 -0.1722  99.91      0.02518     -0.00434      0.00012      0.00304
 -0.1770 100.20      0.02510     -0.00436      0.00001      0.00307
 -0.1819 100.48      0.02498     -0.00439     -0.00011      0.00307
 -0.1867 100.76      0.02486     -0.00441     -0.00023      0.00305
 -0.1916 101.05      0.02477     -0.00442     -0.00035      0.00306
 -0.1965 101.33      0.02471     -0.00441     -0.00048      0.00312
 -0.2013 101.61      0.02467     -0.00440     -0.00062      0.00322
 -0.2061 101.90      0.02460     -0.00439     -0.00075      0.00332
 -0.2110 102.18      0.02450     -0.00439     -0.00085      0.00341
 -0.2158 102.46      0.02439     -0.00438     -0.00093      0.00350
 -0.2206 102.75      0.02432     -0.00435     -0.00100      0.00359
 -0.2254 103.03      0.02429     -0.00433     -0.00107      0.00370
 -0.2303 103.31      0.02432     -0.00431     -0.00117      0.00381
 -0.2351 103.60      0.02434     -0.00429     -0.00128      0.00389
 -0.2399 103.88      0.02433     -0.00428     -0.00139      0.00392
 -0.2447 104.16      0.02427     -0.00424     -0.00149      0.00389
 -0.2495 104.45      0.02419     -0.00417     -0.00161      0.00383
 -0.2542 104.73      0.02410     -0.00407     -0.00174      0.00377
 -0.2590 105.01      0.02404     -0.00399     -0.00189      0.00375
 -0.2638 105.30      0.02402     -0.00392     -0.00204      0.00379
 -0.2686 105.58      0.02402     -0.00386     -0.00215      0.00390
 -0.2733 105.86      0.02401     -0.00378     -0.00219      0.00402
 -0.2781 106.14      0.02397     -0.00367     -0.00215      0.00409
 -0.2828 106.43      0.02388     -0.00355     -0.00206      0.00406
 -0.2875 106.71      0.02378     -0.00346     -0.00196      0.00395
 -0.2923 106.99      0.02370     -0.00342     -0.00190      0.00378
 -0.2970 107.28      0.02368     -0.00341     -0.00189      0.00364
 -0.3017 107.56      0.02373     -0.00343     -0.00194      0.00357
 -0.3064 107.84      0.02381     -0.00343     -0.00201      0.00355
 -0.3111 108.13      0.02392     -0.00342     -0.00203      0.00357
 -0.3158 108.41      0.02404     -0.00340     -0.00199      0.00359
 -0.3205 108.69      0.02415     -0.00341     -0.00190      0.00359
 -0.3252 108.98      0.02425     -0.00345     -0.00179      0.00357
 -0.3299 109.26      0.02432     -0.00349     -0.00168      0.00353
 -0.3345 109.54      0.02439     -0.00352     -0.00157      0.00348
 -0.3392 109.83      0.02446     -0.00351     -0.00144      0.00342
 -0.3438 110.11      0.02456     -0.00347     -0.00127      0.00336
 -0.3485 110.39      0.02470     -0.00344     -0.00107      0.00333
 -0.3531 110.68      0.02487     -0.00345     -0.00084      0.00332
 -0.3577 110.96      0.02509     -0.00352     -0.00060      0.00332
 -0.3623 111.24      0.02536     -0.00363     -0.00034      0.00330
 -0.3669 111.53      0.02566     -0.00378     -0.00008      0.00324
 -0.3715 111.81      0.02596     -0.00397      0.00019      0.00316
 -0.3761 112.09      0.02627     -0.00419      0.00048      0.00305
 -0.3807 112.38      0.02659     -0.00446      0.00080      0.00295
 -0.3853 112.66      0.02699     -0.00476      0.00117      0.00290
 -0.3898 112.94      0.02746     -0.00509      0.00160      0.00290
 -0.3944 113.23      0.02797     -0.00542      0.00204      0.00295
 -0.3989 113.51      0.02846     -0.00576      0.00248      0.00302
 -0.4034 113.79      0.02891     -0.00611      0.00290      0.00312
 -0.4079 114.08      0.02936     -0.00653      0.00332      0.00325
 -0.4124 114.36      0.02988     -0.00705      0.00377      0.00344
 -0.4169 114.64      0.03048     -0.00766      0.00425      0.00370
 -0.4214 114.93      0.03113     -0.00832      0.00474      0.00402
 -0.4259 115.21      0.03176     -0.00896      0.00524      0.00434
 -0.4304 115.49      0.03234     -0.00956      0.00570      0.00464
 -0.4348 115.77      0.03292     -0.01011      0.00615      0.00492
 -0.4393 116.06      0.03355     -0.01063      0.00658      0.00525
 -0.4437 116.34      0.03426     -0.01116      0.00698      0.00565
 -0.4481 116.62      0.03502     -0.01171      0.00732      0.00615
 -0.4526 116.91      0.03579     -0.01231      0.00760      0.00673
 -0.4570 117.19      0.03656     -0.01295      0.00783      0.00734
 -0.4614 117.47      0.03731     -0.01360      0.00807      0.00793
 -0.4657 117.76      0.03806     -0.01428      0.00834      0.00847
 -0.4701 118.04      0.03877     -0.01495      0.00866      0.00895
 -0.4745 118.32      0.03941     -0.01561      0.00899      0.00941
 -0.4788 118.61      0.03998     -0.01623      0.00925      0.00988
 -0.4831 118.89      0.04053     -0.01681      0.00941      0.01038
 -0.4875 119.17      0.04111     -0.01736      0.00947      0.01093
 -0.4918 119.46      0.04176     -0.01793      0.00946      0.01153
 -0.4961 119.74      0.04244     -0.01851      0.00943      0.01219
 -0.5004 120.02      0.04313     -0.01911      0.00943      0.01289
 -0.5046 120.31      0.04378     -0.01969      0.00943      0.01360
 -0.5089 120.59      0.04436     -0.02027      0.00942      0.01430
 -0.5131 120.87      0.04486     -0.02083      0.00935      0.01496
 -0.5174 121.16      0.04530     -0.02134      0.00921      0.01560
 -0.5216 121.44      0.04571     -0.02174      0.00901      0.01625
 -0.5258 121.72      0.04615     -0.02203      0.00879      0.01692
 -0.5300 122.01      0.04661     -0.02225      0.00855      0.01760
 -0.5342 122.29      0.04706     -0.02248      0.00829      0.01829
 -0.5384 122.57      0.04742     -0.02274      0.00799      0.01896
 -0.5425 122.86      0.04767     -0.02299      0.00766      0.01958
 -0.5467 123.14      0.04784     -0.02319      0.00730      0.02014
 -0.5508 123.42      0.04798     -0.02332      0.00694      0.02066
 -0.5549 123.71      0.04814     -0.02339      0.00657      0.02115
 -0.5590 123.99      0.04833     -0.02341      0.00619      0.02161
 -0.5631 124.27      0.04851     -0.02340      0.00580      0.02205
 -0.5672 124.56      0.04866     -0.02339      0.00539      0.02245
 -0.5713 124.84      0.04880     -0.02338      0.00498      0.02284
 -0.5753 125.12      0.04896     -0.02340      0.00458      0.02325
 -0.5794 125.41      0.04917     -0.02343      0.00417      0.02374
 -0.5834 125.69      0.04940     -0.02343      0.00376      0.02428
 -0.5874 125.97      0.04960     -0.02339      0.00333      0.02485
 -0.5914 126.25      0.04975     -0.02332      0.00291      0.02539
 -0.5954 126.54      0.04988     -0.02328      0.00249      0.02590
 -0.5993 126.82      0.05007     -0.02328      0.00209      0.02641
 -0.6033 127.10      0.05033     -0.02329      0.00171      0.02695
 -0.6072 127.39      0.05065     -0.02326      0.00135      0.02757
 -0.6111 127.67      0.05101     -0.02316      0.00102      0.02823
 -0.6150 127.95      0.05139     -0.02302      0.00074      0.02890
 -0.6189 128.24      0.05182     -0.02292      0.00050      0.02957
 -0.6228 128.52      0.05229     -0.02290      0.00027      0.03028
 -0.6267 128.80      0.05282     -0.02291      0.00002      0.03106
 -0.6305 129.09      0.05342     -0.02290     -0.00023      0.03194
 -0.6343 129.37      0.05412     -0.02285     -0.00042      0.03292
 -0.6381 129.65      0.05497     -0.02285     -0.00049      0.03399
 -0.6419 129.94      0.05600     -0.02299     -0.00040      0.03513
 -0.6457 130.22      0.05720     -0.02332     -0.00020      0.03634
 -0.6495 130.50      0.05857     -0.02380      0.00004      0.03766
 -0.6532 130.79      0.06009     -0.02436      0.00026      0.03911
 -0.6570 131.07      0.06173     -0.02493      0.00046      0.04069
 -0.6607 131.35      0.06353     -0.02554      0.00070      0.04241
 -0.6644 131.64      0.06555     -0.02628      0.00101      0.04426
 -0.6681 131.92      0.06789     -0.02721      0.00143      0.04630
 -0.6718 132.20      0.07057     -0.02839      0.00196      0.04857
 -0.6754 132.49      0.07354     -0.02981      0.00261      0.05105
 -0.6791 132.77      0.07673     -0.03144      0.00339      0.05372
 -0.6827 133.05      0.08011     -0.03325      0.00431      0.05652
 -0.6863 133.34      0.08376     -0.03524      0.00537      0.05948
 -0.6899 133.62      0.08780     -0.03750      0.00653      0.06268
 -0.6934 133.90      0.09231     -0.04009      0.00779      0.06618
 -0.6970 134.19      0.09727     -0.04305      0.00913      0.06996
 -0.7005 134.47      0.10261     -0.04633      0.01060      0.07393
 -0.7040 134.75      0.10826     -0.04989      0.01223      0.07803
 -0.7075 135.04      0.11420     -0.05373      0.01405      0.08219
 -0.7110 135.32      0.12050     -0.05794      0.01606      0.08646
 -0.7145 135.60      0.12722     -0.06262      0.01826      0.09086
 -0.7179 135.89      0.13442     -0.06780      0.02063      0.09542
 -0.7214 136.17      0.14205     -0.07348      0.02320      0.10011
 -0.7248 136.45      0.15003     -0.07958      0.02598      0.10483
 -0.7282 136.73      0.15828     -0.08607      0.02897      0.10950
 -0.7316 137.02      0.16675     -0.09294      0.03209      0.11401
 -0.7349 137.30      0.17541     -0.10023      0.03530      0.11829
 -0.7383 137.58      0.18426     -0.10796      0.03857      0.12227
 -0.7416 137.87      0.19332     -0.11616      0.04197      0.12593
 -0.7449 138.15      0.20257     -0.12481      0.04556      0.12922
 -0.7482 138.43      0.21196     -0.13386      0.04937      0.13211
 -0.7515 138.72      0.22141     -0.14318      0.05335      0.13451
 -0.7547 139.00      0.23073     -0.15264      0.05742      0.13630
 -0.7580 139.28      0.23974     -0.16206      0.06150      0.13732
 -0.7612 139.57      0.24827     -0.17133      0.06555      0.13743
 -0.7644 139.85      0.25624     -0.18039      0.06952      0.13653
 -0.7675 140.13      0.26360     -0.18918      0.07343      0.13459
 -0.7707 140.42      0.27035     -0.19763      0.07724      0.13158
 -0.7738 140.70      0.27640     -0.20561      0.08096      0.12747
 -0.7770 140.98      0.28164     -0.21297      0.08455      0.12223
 -0.7801 141.27      0.28592     -0.21951      0.08792      0.11580
 -0.7832 141.55      0.28910     -0.22504      0.09101      0.10816
 -0.7862 141.83      0.29112     -0.22937      0.09374      0.09935
 -0.7893 142.12      0.29193     -0.23234      0.09608      0.08947
 -0.7923 142.40      0.29159     -0.23384      0.09803      0.07867
 -0.7953 142.68      0.29011     -0.23379      0.09961      0.06711
 -0.7983 142.97      0.28750     -0.23212      0.10079      0.05499
 -0.8012 143.25      0.28374     -0.22876      0.10146      0.04251
 -0.8042 143.53      0.27884     -0.22364      0.10151      0.02987
 -0.8071 143.82      0.27289     -0.21680      0.10089      0.01722
 -0.8100 144.10      0.26605     -0.20832      0.09968      0.00473
 -0.8129 144.38      0.25854     -0.19833      0.09807     -0.00739
 -0.8158 144.67      0.25052     -0.18695      0.09616     -0.01886
 -0.8186 144.95      0.24209     -0.17430      0.09394     -0.02939
 -0.8215 145.23      0.23334     -0.16056      0.09129     -0.03872
 -0.8243 145.52      0.22439     -0.14592      0.08818     -0.04667
 -0.8271 145.80      0.21541     -0.13064      0.08463     -0.05313
 -0.8298 146.08      0.20660     -0.11500      0.08080     -0.05801
 -0.8326 146.37      0.19812     -0.09927      0.07680     -0.06126
 -0.8353 146.65      0.19016     -0.08379      0.07278     -0.06285
 -0.8380 146.93      0.18284     -0.06884      0.06884     -0.06279
 -0.8407 147.21      0.17625     -0.05467      0.06507     -0.06116
 -0.8434 147.50      0.17042     -0.04148      0.06151     -0.05807
 -0.8460 147.78      0.16534     -0.02942      0.05815     -0.05367
 -0.8486 148.06      0.16095     -0.01864      0.05497     -0.04816
 -0.8512 148.35      0.15721     -0.00930      0.05195     -0.04177
 -0.8538 148.63      0.15413     -0.00148      0.04913     -0.03470
 -0.8564 148.91      0.15178      0.00482      0.04660     -0.02718
 -0.8589 149.20      0.15015      0.00970      0.04439     -0.01943
 -0.8615 149.48      0.14912      0.01328      0.04253     -0.01168
 -0.8640 149.76      0.14850      0.01568      0.04096     -0.00415
 -0.8664 150.05      0.14817      0.01696      0.03963      0.00298
 -0.8689 150.33      0.14810      0.01717      0.03854      0.00955
 -0.8713 150.61      0.14831      0.01642      0.03769      0.01546
 -0.8737 150.90      0.14872      0.01490      0.03710      0.02059
 -0.8761 151.18      0.14920      0.01285      0.03672      0.02492
 -0.8785 151.46      0.14960      0.01056      0.03649      0.02846
 -0.8809 151.75      0.14982      0.00820      0.03630      0.03130
 -0.8832 152.03      0.14988      0.00580      0.03610      0.03349
 -0.8855 152.31      0.14989      0.00335      0.03593      0.03504
 -0.8878 152.60      0.14995      0.00091      0.03582      0.03593
 -0.8901 152.88      0.15003     -0.00135      0.03580      0.03617
 -0.8923 153.16      0.15003     -0.00325      0.03580      0.03586
 -0.8945 153.45      0.14982     -0.00471      0.03572      0.03515
 -0.8967 153.73      0.14939     -0.00576      0.03552      0.03419
 -0.8989 154.01      0.14882     -0.00649      0.03522      0.03310
 -0.9010 154.30      0.14820     -0.00695      0.03487      0.03187
 -0.9032 154.58      0.14755     -0.00717      0.03448      0.03050
 -0.9053 154.86      0.14688     -0.00715      0.03406      0.02898
 -0.9074 155.15      0.14617     -0.00686      0.03361      0.02742
 -0.9094 155.43      0.14546     -0.00633      0.03316      0.02597
 -0.9115 155.71      0.14480     -0.00561      0.03272      0.02471
 -0.9135 156.00      0.14417     -0.00479      0.03232      0.02363
 -0.9155 156.28      0.14355     -0.00392      0.03194      0.02265
 -0.9175 156.56      0.14288     -0.00298      0.03151      0.02170
 -0.9194 156.84      0.14216     -0.00190      0.03100      0.02079
 -0.9214 157.13      0.14142     -0.00068      0.03036      0.01999
 -0.9233 157.41      0.14069      0.00064      0.02963      0.01935
 -0.9252 157.69      0.14000      0.00193      0.02886      0.01886
 -0.9270 157.98      0.13942      0.00316      0.02817      0.01847
 -0.9289 158.26      0.13899      0.00434      0.02763      0.01815
 -0.9307 158.54      0.13867      0.00553      0.02724      0.01787
 -0.9325 158.83      0.13832      0.00672      0.02691      0.01763
 -0.9343 159.11      0.13784      0.00786      0.02652      0.01745
 -0.9360 159.39      0.13724      0.00891      0.02601      0.01732
 -0.9378 159.68      0.13668      0.00988      0.02544      0.01725
 -0.9395 159.96      0.13624      0.01077      0.02489      0.01724
 -0.9411 160.24      0.13592      0.01159      0.02442      0.01727
 -0.9428 160.53      0.13565      0.01237      0.02405      0.01729
 -0.9444 160.81      0.13540      0.01319      0.02371      0.01729
 -0.9460 161.09      0.13517      0.01412      0.02336      0.01733
 -0.9476 161.38      0.13497      0.01509      0.02298      0.01744
 -0.9492 161.66      0.13476      0.01597      0.02260      0.01761
 -0.9508 161.94      0.13455      0.01669      0.02228      0.01780
 -0.9523 162.23      0.13441      0.01732      0.02201      0.01792
 -0.9538 162.51      0.13434      0.01797      0.02172      0.01792
 -0.9552 162.79      0.13428      0.01868      0.02139      0.01784
 -0.9567 163.08      0.13420      0.01936      0.02101      0.01773
 -0.9581 163.36      0.13417      0.01992      0.02069      0.01765
 -0.9595 163.64      0.13425      0.02032      0.02050      0.01762
 -0.9609 163.93      0.13442      0.02065      0.02044      0.01762
 -0.9623 164.21      0.13455      0.02103      0.02048      0.01759
 -0.9636 164.49      0.13456      0.02153      0.02052      0.01754
 -0.9649 164.78      0.13454      0.02220      0.02050      0.01750
 -0.9662 165.06      0.13465      0.02301      0.02037      0.01749
 -0.9675 165.34      0.13497      0.02392      0.02017      0.01749
 -0.9687 165.63      0.13538      0.02484      0.01997      0.01744
 -0.9699 165.91      0.13579      0.02570      0.01987      0.01734
 -0.9711 166.19      0.13622      0.02644      0.01990      0.01720
 -0.9723 166.48      0.13677      0.02709      0.01996      0.01708
 -0.9734 166.76      0.13744      0.02773      0.01999      0.01698
 -0.9745 167.04      0.13813      0.02846      0.02000      0.01689
 -0.9756 167.32      0.13882      0.02936      0.02008      0.01686
 -0.9767 167.61      0.13961      0.03039      0.02028      0.01693
 -0.9778 167.89      0.14055      0.03146      0.02055      0.01711
 -0.9788 168.17      0.14153      0.03247      0.02083      0.01738
 -0.9798 168.46      0.14241      0.03336      0.02107      0.01770
 -0.9808 168.74      0.14331      0.03421      0.02137      0.01802
 -0.9817 169.02      0.14449      0.03511      0.02189      0.01829
 -0.9826 169.31      0.14604      0.03607      0.02275      0.01848
 -0.9835 169.59      0.14775      0.03697      0.02390      0.01864
 -0.9844 169.87      0.14935      0.03772      0.02511      0.01890
 -0.9853 170.16      0.15089      0.03839      0.02599      0.01944
 -0.9861 170.44      0.15261      0.03925      0.02630      0.02026
 -0.9869 170.72      0.15465      0.04055      0.02613      0.02115
 -0.9877 171.01      0.15690      0.04231      0.02606      0.02172
 -0.9885 171.29      0.15924      0.04424      0.02682      0.02168
 -0.9892 171.57      0.16167      0.04597      0.02888      0.02105
 -0.9899 171.86      0.16419      0.04727      0.03202      0.02024
 -0.9906 172.14      0.16674      0.04811      0.03548      0.01980
 -0.9913 172.42      0.16944      0.04870      0.03846      0.02005
 -0.9919 172.71      0.17267      0.04941      0.04055      0.02092
 -0.9925 172.99      0.17676      0.05060      0.04194      0.02208
 -0.9931 173.27      0.18169      0.05246      0.04324      0.02328
 -0.9937 173.56      0.18732      0.05502      0.04512      0.02439
 -0.9942 173.84      0.19360      0.05818      0.04805      0.02540
 -0.9947 174.12      0.20056      0.06176      0.05225      0.02627
 -0.9952 174.41      0.20825      0.06543      0.05773      0.02698
 -0.9957 174.69      0.21695      0.06898      0.06427      0.02762
 -0.9962 174.97      0.22732      0.07260      0.07170      0.02839
 -0.9966 175.26      0.24024      0.07681      0.08038      0.02953
 -0.9970 175.54      0.25662      0.08203      0.09131      0.03123
 -0.9973 175.82      0.27738      0.08830      0.10593      0.03354
 -0.9977 176.11      0.30344      0.09549      0.12556      0.03621
 -0.9980 176.39      0.33546      0.10329      0.15102      0.03859
 -0.9983 176.67      0.37316      0.11086      0.18234      0.03961
 -0.9986 176.95      0.41418      0.11603      0.21812      0.03781
 -0.9988 177.24      0.45296      0.11480      0.25420      0.03151
 -0.9991 177.52      0.48039      0.10192      0.28224      0.01915
 -0.9993 177.80      0.48588      0.07268      0.28913      0.00009
 -0.9994 178.09      0.46305      0.02608      0.25860     -0.02409
 -0.9996 178.37      0.41828     -0.03128      0.17622     -0.04847
 -0.9997 178.65      0.37643     -0.08339      0.03703     -0.06530
 -0.9998 178.94      0.37373     -0.10952     -0.14741     -0.06724
 -0.9999 179.22      0.43388     -0.09702     -0.34767     -0.05230
 -1.0000 179.50      0.54076     -0.05462     -0.52343     -0.02731
 -1.0000 179.78      0.63670     -0.01236     -0.63600     -0.00595
