!   mu    Theta      P11          P12          P33          P34
  0.9999   0.72    229.88729      0.01832    229.88709     -0.14865
  0.9996   1.65    207.61964      0.08753    207.61440     -0.70662
  0.9990   2.59    173.51134      0.18064    173.48458     -1.44646
  0.9981   3.53    135.09162      0.26142    135.01874     -2.07317
  0.9970   4.47     99.01404      0.30387     98.87518     -2.39061
  0.9956   5.41     69.33670      0.30012     69.12839     -2.36081
  0.9939   6.35     47.32450      0.25792     47.06257     -2.06970
  0.9919   7.29     32.27415      0.19290     31.98731     -1.65112
  0.9897   8.23     22.58951      0.12141     22.30851     -1.22289
  0.9872   9.17     16.59051      0.05622     16.33845     -0.85724
  0.9845  10.11     12.91736      0.00487     12.70480     -0.58074
  0.9815  11.05     10.62549     -0.03034     10.45128     -0.38900
  0.9782  11.99      9.12365     -0.05093      8.97938     -0.26345
  0.9747  12.93      8.06809     -0.06044      7.94347     -0.18340
  0.9709  13.87      7.26897     -0.06261      7.15554     -0.13198
  0.9668  14.80      6.62461     -0.06041      6.51721     -0.09751
  0.9625  15.74      6.08100     -0.05578      5.97744     -0.07272
  0.9579  16.68      5.60893     -0.04988      5.50884     -0.05351
  0.9531  17.62      5.19176     -0.04339      5.09546     -0.03780
  0.9480  18.56      4.81914     -0.03671      4.72690     -0.02459
  0.9426  19.50      4.48398     -0.03005      4.39572     -0.01336
  0.9370  20.44      4.18087     -0.02348      4.09623     -0.00373
  0.9312  21.38      3.90547     -0.01705      3.82391      0.00467
  0.9250  22.32      3.65414     -0.01076      3.57514      0.01209
  0.9187  23.26      3.42387     -0.00464      3.34700      0.01873
  0.9121  24.20      3.21215      0.00127      3.13709      0.02468
  0.9052  25.14      3.01686      0.00695      2.94339      0.03001
  0.8982  26.08      2.83618      0.01239      2.76416      0.03477
  0.8908  27.02      2.66855      0.01757      2.59786      0.03898
  0.8832  27.96      2.51265      0.02247      2.44318      0.04268
  0.8754  28.90      2.36737      0.02706      2.29903      0.04590
  0.8674  29.84      2.23176      0.03134      2.16445      0.04867
  0.8591  30.78      2.10495      0.03529      2.03859      0.05101
  0.8506  31.72      1.98617      0.03892      1.92069      0.05295
  0.8419  32.66      1.87477      0.04224      1.81010      0.05455
  0.8329  33.60      1.77017      0.04524      1.70626      0.05583
  0.8237  34.54      1.67189      0.04792      1.60868      0.05684
  0.8143  35.48      1.57945      0.05028      1.51691      0.05757
  0.8047  36.42      1.49244      0.05233      1.43052      0.05806
  0.7948  37.36      1.41047      0.05411      1.34915      0.05834
  0.7847  38.30      1.33322      0.05560      1.27248      0.05843
  0.7745  39.24      1.26041      0.05682      1.20022      0.05837
  0.7640  40.18      1.19174      0.05778      1.13209      0.05816
  0.7533  41.12      1.12696      0.05851      1.06783      0.05781
  0.7424  42.06      1.06581      0.05902      1.00720      0.05734
  0.7313  43.00      1.00811      0.05933      0.95000      0.05679
  0.7200  43.94      0.95365      0.05944      0.89604      0.05615
  0.7086  44.88      0.90224      0.05936      0.84512      0.05545
  0.6969  45.82      0.85369      0.05913      0.79707      0.05467
  0.6850  46.76      0.80785      0.05876      0.75171      0.05384
  0.6730  47.70      0.76457      0.05826      0.70891      0.05299
  0.6608  48.64      0.72370      0.05763      0.66854      0.05210
  0.6484  49.58      0.68511      0.05689      0.63043      0.05117
  0.6358  50.52      0.64866      0.05606      0.59447      0.05023
  0.6230  51.46      0.61425      0.05515      0.56054      0.04927
  0.6101  52.40      0.58175      0.05417      0.52852      0.04831
  0.5970  53.34      0.55106      0.05313      0.49832      0.04735
  0.5838  54.28      0.52208      0.05203      0.46983      0.04637
  0.5704  55.22      0.49472      0.05089      0.44294      0.04540
  0.5568  56.16      0.46887      0.04972      0.41758      0.04444
  0.5431  57.10      0.44447      0.04852      0.39365      0.04349
  0.5293  58.04      0.42143      0.04729      0.37109      0.04255
  0.5153  58.98      0.39967      0.04605      0.34979      0.04161
  0.5012  59.92      0.37912      0.04480      0.32971      0.04070
  0.4869  60.86      0.35971      0.04354      0.31076      0.03980
  0.4725  61.80      0.34138      0.04228      0.29289      0.03891
  0.4580  62.74      0.32408      0.04102      0.27603      0.03804
  0.4434  63.68      0.30773      0.03977      0.26013      0.03719
  0.4286  64.62      0.29229      0.03854      0.24512      0.03636
  0.4137  65.56      0.27771      0.03731      0.23097      0.03555
  0.3987  66.50      0.26394      0.03610      0.21761      0.03475
  0.3836  67.44      0.25093      0.03491      0.20500      0.03398
  0.3684  68.38      0.23864      0.03374      0.19311      0.03322
  0.3531  69.32      0.22703      0.03259      0.18188      0.03248
  0.3377  70.26      0.21606      0.03147      0.17129      0.03176
  0.3222  71.20      0.20570      0.03037      0.16129      0.03105
  0.3067  72.14      0.19591      0.02931      0.15185      0.03036
  0.2910  73.08      0.18666      0.02827      0.14294      0.02969
  0.2753  74.02      0.17793      0.02726      0.13453      0.02903
  0.2595  74.96      0.16967      0.02629      0.12660      0.02839
  0.2436  75.90      0.16187      0.02535      0.11911      0.02777
  0.2277  76.84      0.15451      0.02445      0.11205      0.02716
  0.2117  77.78      0.14755      0.02357      0.10539      0.02657
  0.1956  78.72      0.14098      0.02273      0.09911      0.02599
  0.1795  79.66      0.13478      0.02193      0.09320      0.02543
  0.1633  80.60      0.12894      0.02115      0.08763      0.02488
  0.1471  81.54      0.12342      0.02041      0.08239      0.02436
  0.1309  82.48      0.11822      0.01970      0.07746      0.02385
  0.1146  83.42      0.11332      0.01901      0.07283      0.02337
  0.0983  84.36      0.10871      0.01834      0.06848      0.02291
  0.0819  85.30      0.10438      0.01769      0.06441      0.02247
  0.0656  86.24      0.10031      0.01706      0.06059      0.02206
  0.0492  87.18      0.09650      0.01645      0.05702      0.02168
  0.0328  88.12      0.09293      0.01584      0.05368      0.02133
  0.0164  89.06      0.08959      0.01523      0.05057      0.02102
  0.0000  90.00      0.08648      0.01463      0.04766      0.02074
 -0.0164  90.94      0.08359      0.01402      0.04495      0.02051
 -0.0328  91.88      0.08090      0.01340      0.04243      0.02031
 -0.0492  92.82      0.07842      0.01277      0.04008      0.02016
 -0.0656  93.76      0.07614      0.01213      0.03789      0.02006
 -0.0819  94.70      0.07405      0.01147      0.03586      0.02001
 -0.0983  95.64      0.07214      0.01078      0.03396      0.02001
 -0.1146  96.58      0.07040      0.01008      0.03218      0.02006
 -0.1309  97.52      0.06884      0.00935      0.03052      0.02017
 -0.1471  98.46      0.06744      0.00860      0.02897      0.02034
 -0.1633  99.40      0.06621      0.00783      0.02750      0.02056
 -0.1795 100.34      0.06512      0.00704      0.02611      0.02085
 -0.1956 101.28      0.06419      0.00623      0.02479      0.02120
 -0.2117 102.22      0.06340      0.00541      0.02353      0.02160
 -0.2277 103.16      0.06275      0.00457      0.02232      0.02208
 -0.2436 104.10      0.06224      0.00374      0.02116      0.02261
 -0.2595 105.04      0.06185      0.00290      0.02003      0.02322
 -0.2753 105.98      0.06160      0.00207      0.01893      0.02389
 -0.2910 106.92      0.06147      0.00125      0.01786      0.02463
 -0.3067 107.86      0.06147      0.00045      0.01680      0.02544
 -0.3222 108.80      0.06159     -0.00033      0.01577      0.02633
 -0.3377 109.74      0.06184     -0.00109      0.01476      0.02730
 -0.3531 110.68      0.06222     -0.00180      0.01376      0.02835
 -0.3684 111.62      0.06273     -0.00248      0.01279      0.02951
 -0.3836 112.56      0.06338     -0.00312      0.01183      0.03076
 -0.3987 113.50      0.06417     -0.00372      0.01091      0.03212
 -0.4137 114.44      0.06512     -0.00427      0.01001      0.03361
 -0.4286 115.38      0.06623     -0.00478      0.00914      0.03524
 -0.4434 116.32      0.06753     -0.00525      0.00832      0.03703
 -0.4580 117.26      0.06902     -0.00568      0.00754      0.03898
 -0.4725 118.20      0.07072     -0.00608      0.00681      0.04112
 -0.4869 119.14      0.07267     -0.00646      0.00615      0.04348
 -0.5012 120.08      0.07487     -0.00683      0.00554      0.04608
 -0.5153 121.02      0.07735     -0.00721      0.00501      0.04893
 -0.5293 121.96      0.08015     -0.00760      0.00457      0.05208
 -0.5431 122.90      0.08328     -0.00805      0.00421      0.05553
 -0.5568 123.84      0.08678     -0.00856      0.00395      0.05933
 -0.5704 124.78      0.09068     -0.00916      0.00379      0.06349
 -0.5838 125.72      0.09501     -0.00990      0.00375      0.06804
 -0.5970 126.66      0.09978     -0.01081      0.00383      0.07300
 -0.6101 127.60      0.10503     -0.01193      0.00404      0.07838
 -0.6230 128.54      0.11077     -0.01330      0.00439      0.08419
 -0.6358 129.48      0.11701     -0.01497      0.00489      0.09041
 -0.6484 130.42      0.12375     -0.01699      0.00554      0.09704
 -0.6608 131.36      0.13099     -0.01943      0.00637      0.10404
 -0.6730 132.30      0.13870     -0.02233      0.00737      0.11136
 -0.6850 133.24      0.14685     -0.02574      0.00857      0.11893
 -0.6969 134.18      0.15538     -0.02971      0.00997      0.12665
 -0.7086 135.12      0.16421     -0.03428      0.01158      0.13441
 -0.7200 136.06      0.17325     -0.03947      0.01343      0.14207
 -0.7313 137.00      0.18237     -0.04529      0.01554      0.14945
 -0.7424 137.94      0.19144     -0.05172      0.01791      0.15635
 -0.7533 138.88      0.20029     -0.05871      0.02056      0.16255
 -0.7640 139.82      0.20874     -0.06620      0.02352      0.16782
 -0.7745 140.76      0.21663     -0.07409      0.02679      0.17190
 -0.7847 141.70      0.22374     -0.08221      0.03037      0.17456
 -0.7948 142.64      0.22990     -0.09040      0.03428      0.17556
 -0.8047 143.58      0.23495     -0.09841      0.03851      0.17471
 -0.8143 144.52      0.23873     -0.10598      0.04305      0.17187
 -0.8237 145.46      0.24113     -0.11280      0.04786      0.16695
 -0.8329 146.40      0.24209     -0.11856      0.05291      0.15992
 -0.8419 147.34      0.24161     -0.12293      0.05814      0.15088
 -0.8506 148.28      0.23978     -0.12560      0.06350      0.14001
 -0.8591 149.22      0.23672     -0.12628      0.06889      0.12759
 -0.8674 150.16      0.23264     -0.12473      0.07420      0.11400
 -0.8754 151.10      0.22780     -0.12081      0.07934      0.09969
 -0.8832 152.04      0.22255     -0.11445      0.08418      0.08522
 -0.8908 152.98      0.21726     -0.10569      0.08863      0.07114
 -0.8982 153.92      0.21230     -0.09469      0.09257      0.05806
 -0.9052 154.86      0.20805     -0.08170      0.09591      0.04650
 -0.9121 155.80      0.20482     -0.06710      0.09855      0.03696
 -0.9187 156.74      0.20291     -0.05134      0.10044      0.02979
 -0.9250 157.68      0.20250     -0.03493      0.10153      0.02522
 -0.9312 158.62      0.20373     -0.01842      0.10183      0.02330
 -0.9370 159.56      0.20665     -0.00234      0.10146      0.02392
 -0.9426 160.50      0.21133      0.01283      0.10071      0.02687
 -0.9480 161.44      0.21797      0.02670      0.10012      0.03202
 -0.9531 162.38      0.22701      0.03910      0.10047      0.03947
 -0.9579 163.32      0.23929      0.05007      0.10283      0.04964
 -0.9625 164.26      0.25614      0.05992      0.10850      0.06325
 -0.9668 165.20      0.27919      0.06920      0.11883      0.08095
 -0.9709 166.13      0.31002      0.07861      0.13493      0.10275
 -0.9747 167.07      0.34931      0.08875      0.15737      0.12712
 -0.9782 168.01      0.39566      0.09971      0.18594      0.15020
 -0.9815 168.95      0.44453      0.11050      0.21941      0.16551
 -0.9845 169.89      0.48783      0.11856      0.25500      0.16502
 -0.9872 170.83      0.51513      0.11967      0.28727      0.14172
 -0.9897 171.77      0.51674      0.10915      0.30683      0.09316
 -0.9919 172.71      0.48861      0.08412      0.30004      0.02434
 -0.9939 173.65      0.43753      0.04609      0.25121     -0.05191
 -0.9956 174.59      0.38397      0.00254      0.14825     -0.11761
 -0.9970 175.53      0.35851     -0.03445     -0.00987     -0.15489
 -0.9981 176.47      0.38887     -0.05296     -0.20779     -0.15290
 -0.9990 177.41      0.48068     -0.04816     -0.41459     -0.11436
 -0.9996 178.35      0.60437     -0.02707     -0.59148     -0.05802
 -0.9999 179.28      0.70359     -0.00609     -0.70308     -0.01243
