!   mu    Theta      P11          P12          P33          P34
  1.0000   0.39    857.04478      0.03158    857.04456     -0.35045
  0.9999   0.89    761.96594      0.14796    761.96047     -1.64387
  0.9997   1.40    619.39230      0.29461    619.36503     -3.28840
  0.9994   1.91    463.87887      0.40396    463.80698     -4.56774
  0.9991   2.42    323.79000      0.43522    323.65808     -5.07298
  0.9987   2.93    214.07521      0.38670    213.88487     -4.80847
  0.9982   3.44    137.02069      0.28468    136.78951     -4.04626
  0.9976   3.95     87.29679      0.16366     87.04966     -3.11141
  0.9970   4.46     57.12340      0.05133     56.88312     -2.24149
  0.9962   4.97     39.46597     -0.03704     39.24737     -1.55055
  0.9954   5.47     29.20613     -0.09722     29.01458     -1.05722
  0.9946   5.98     23.09348     -0.13217     22.92665     -0.72922
  0.9936   6.49     19.24856     -0.14821     19.10009     -0.51869
  0.9925   7.00     16.65156     -0.15238     16.51508     -0.38253
  0.9914   7.51     14.76875     -0.15067     14.64069     -0.29049
  0.9902   8.02     13.32283     -0.14694     13.20299     -0.22527
  0.9889   8.53     12.16621     -0.14270     12.05625     -0.17841
  0.9876   9.04     11.21574     -0.13768     11.11698     -0.14546
  0.9861   9.55     10.42048     -0.13108     10.33250     -0.12282
  0.9846  10.06      9.74600     -0.12262      9.66671     -0.10693
  0.9830  10.57      9.16704     -0.11280      9.09369     -0.09472
  0.9814  11.08      8.66415     -0.10252      8.59436     -0.08410
  0.9796  11.58      8.22213     -0.09256      8.15440     -0.07407
  0.9778  12.09      7.82919     -0.08326      7.76287     -0.06443
  0.9759  12.60      7.47618     -0.07462      7.41112     -0.05539
  0.9739  13.11      7.15593     -0.06647      7.09216     -0.04727
  0.9719  13.62      6.86273     -0.05867      6.80025     -0.04024
  0.9697  14.13      6.59203     -0.05113      6.53083     -0.03427
  0.9675  14.64      6.34021     -0.04382      6.28030     -0.02911
  0.9653  15.15      6.10446     -0.03680      6.04587     -0.02449
  0.9629  15.66      5.88256     -0.03008      5.82535     -0.02021
  0.9605  16.17      5.67281     -0.02368      5.61697     -0.01619
  0.9579  16.68      5.47385     -0.01752      5.41936     -0.01245
  0.9554  17.19      5.28463     -0.01152      5.23138     -0.00907
  0.9527  17.69      5.10422     -0.00566      5.05205     -0.00608
  0.9500  18.20      4.93173      0.00006      4.88046     -0.00345
  0.9471  18.71      4.76629      0.00555      4.71571     -0.00107
  0.9442  19.22      4.60710      0.01077      4.55704      0.00118
  0.9413  19.73      4.45356      0.01566      4.40389      0.00340
  0.9382  20.24      4.30527      0.02020      4.25596      0.00556
  0.9351  20.75      4.16206      0.02440      4.11310      0.00761
  0.9320  21.26      4.02384      0.02832      3.97525      0.00944
  0.9287  21.77      3.89050      0.03204      3.84229      0.01105
  0.9254  22.28      3.76184      0.03560      3.71395      0.01246
  0.9220  22.79      3.63755      0.03902      3.58990      0.01376
  0.9185  23.30      3.51733      0.04225      3.46983      0.01501
  0.9149  23.80      3.40092      0.04528      3.35349      0.01624
  0.9113  24.31      3.28816      0.04811      3.24079      0.01743
  0.9076  24.82      3.17895      0.05074      3.13164      0.01860
  0.9038  25.33      3.07318      0.05314      3.02596      0.01973
  0.9000  25.84      2.97074      0.05530      2.92361      0.02082
  0.8961  26.35      2.87151      0.05725      2.82443      0.02180
  0.8921  26.86      2.77540      0.05905      2.72833      0.02268
  0.8881  27.37      2.68243      0.06076      2.63533      0.02347
  0.8839  27.88      2.59264      0.06236      2.54547      0.02424
  0.8798  28.39      2.50601      0.06380      2.45874      0.02504
  0.8755  28.90      2.42234      0.06503      2.37498      0.02584
  0.8712  29.41      2.34133      0.06606      2.29391      0.02658
  0.8668  29.92      2.26270      0.06695      2.21524      0.02719
  0.8623  30.42      2.18635      0.06776      2.13885      0.02765
  0.8578  30.93      2.11235      0.06856      2.06480      0.02803
  0.8532  31.44      2.04089      0.06934      1.99324      0.02843
  0.8485  31.95      1.97204      0.07004      1.92426      0.02894
  0.8438  32.46      1.90573      0.07054      1.85783      0.02955
  0.8390  32.97      1.84171      0.07081      1.79371      0.03014
  0.8341  33.48      1.77971      0.07092      1.73168      0.03058
  0.8291  33.99      1.71959      0.07099      1.67153      0.03084
  0.8241  34.50      1.66132      0.07106      1.61322      0.03100
  0.8191  35.01      1.60498      0.07113      1.55681      0.03115
  0.8139  35.52      1.55058      0.07110      1.50233      0.03136
  0.8088  36.03      1.49807      0.07097      1.44978      0.03159
  0.8035  36.53      1.44739      0.07078      1.39908      0.03178
  0.7982  37.04      1.39847      0.07058      1.35017      0.03192
  0.7928  37.55      1.35127      0.07038      1.30297      0.03205
  0.7873  38.06      1.30572      0.07010      1.25742      0.03221
  0.7818  38.57      1.26168      0.06965      1.21338      0.03236
  0.7763  39.08      1.21900      0.06904      1.17074      0.03242
  0.7706  39.59      1.17761      0.06838      1.12941      0.03233
  0.7649  40.10      1.13753      0.06781      1.08940      0.03215
  0.7592  40.61      1.09884      0.06738      1.05078      0.03200
  0.7534  41.12      1.06161      0.06697      1.01360      0.03198
  0.7475  41.63      1.02580      0.06641      0.97788      0.03207
  0.7416  42.14      0.99129      0.06566      0.94349      0.03214
  0.7356  42.65      0.95794      0.06477      0.91029      0.03205
  0.7295  43.15      0.92563      0.06393      0.87813      0.03181
  0.7234  43.66      0.89432      0.06320      0.84695      0.03151
  0.7172  44.17      0.86399      0.06254      0.81676      0.03127
  0.7110  44.68      0.83466      0.06185      0.78761      0.03110
  0.7047  45.19      0.80636      0.06105      0.75949      0.03094
  0.6984  45.70      0.77907      0.06017      0.73241      0.03074
  0.6920  46.21      0.75278      0.05927      0.70631      0.03051
  0.6856  46.72      0.72741      0.05839      0.68112      0.03028
  0.6791  47.23      0.70288      0.05750      0.65681      0.03008
  0.6725  47.74      0.67915      0.05657      0.63332      0.02985
  0.6659  48.25      0.65619      0.05564      0.61064      0.02952
  0.6593  48.76      0.63401      0.05476      0.58874      0.02909
  0.6526  49.26      0.61260      0.05395      0.56759      0.02867
  0.6458  49.77      0.59195      0.05315      0.54716      0.02838
  0.6390  50.28      0.57200      0.05226      0.52745      0.02822
  0.6321  50.79      0.55272      0.05122      0.50843      0.02807
  0.6252  51.30      0.53408      0.05012      0.49008      0.02778
  0.6183  51.81      0.51602      0.04908      0.47233      0.02730
  0.6113  52.32      0.49852      0.04816      0.45514      0.02675
  0.6042  52.83      0.48159      0.04734      0.43852      0.02624
  0.5971  53.34      0.46527      0.04652      0.42251      0.02588
  0.5899  53.85      0.44961      0.04564      0.40715      0.02562
  0.5827  54.36      0.43458      0.04470      0.39241      0.02539
  0.5755  54.87      0.42009      0.04374      0.37818      0.02513
  0.5682  55.37      0.40602      0.04276      0.36438      0.02481
  0.5609  55.88      0.39231      0.04177      0.35098      0.02442
  0.5535  56.39      0.37898      0.04078      0.33800      0.02393
  0.5461  56.90      0.36608      0.03983      0.32548      0.02337
  0.5386  57.41      0.35366      0.03895      0.31341      0.02284
  0.5311  57.92      0.34172      0.03812      0.30176      0.02240
  0.5235  58.43      0.33023      0.03729      0.29054      0.02211
  0.5159  58.94      0.31919      0.03641      0.27975      0.02188
  0.5083  59.45      0.30856      0.03551      0.26939      0.02161
  0.5006  59.96      0.29828      0.03462      0.25942      0.02123
  0.4929  60.47      0.28829      0.03377      0.24976      0.02077
  0.4852  60.98      0.27856      0.03292      0.24037      0.02030
  0.4774  61.49      0.26912      0.03204      0.23127      0.01988
  0.4696  61.99      0.26004      0.03113      0.22250      0.01950
  0.4617  62.50      0.25132      0.03021      0.21406      0.01912
  0.4538  63.01      0.24294      0.02935      0.20592      0.01872
  0.4459  63.52      0.23483      0.02857      0.19806      0.01831
  0.4379  64.03      0.22698      0.02787      0.19048      0.01790
  0.4299  64.54      0.21939      0.02721      0.18319      0.01751
  0.4218  65.05      0.21209      0.02653      0.17619      0.01716
  0.4138  65.56      0.20506      0.02579      0.16945      0.01686
  0.4057  66.07      0.19826      0.02496      0.16292      0.01658
  0.3975  66.58      0.19170      0.02406      0.15659      0.01629
  0.3893  67.09      0.18537      0.02315      0.15049      0.01596
  0.3811  67.60      0.17924      0.02233      0.14462      0.01555
  0.3729  68.10      0.17330      0.02165      0.13895      0.01507
  0.3647  68.61      0.16753      0.02111      0.13346      0.01459
  0.3564  69.12      0.16195      0.02062      0.12815      0.01419
  0.3480  69.63      0.15661      0.02011      0.12304      0.01391
  0.3397  70.14      0.15153      0.01948      0.11815      0.01372
  0.3313  70.65      0.14668      0.01874      0.11347      0.01357
  0.3229  71.16      0.14199      0.01793      0.10896      0.01337
  0.3145  71.67      0.13742      0.01713      0.10460      0.01308
  0.3061  72.18      0.13295      0.01642      0.10038      0.01272
  0.2976  72.69      0.12860      0.01584      0.09631      0.01230
  0.2891  73.20      0.12439      0.01537      0.09236      0.01188
  0.2806  73.71      0.12035      0.01495      0.08853      0.01152
  0.2720  74.22      0.11651      0.01452      0.08485      0.01125
  0.2635  74.72      0.11287      0.01403      0.08132      0.01109
  0.2549  75.23      0.10941      0.01345      0.07796      0.01097
  0.2463  75.74      0.10605      0.01282      0.07474      0.01083
  0.2377  76.25      0.10276      0.01218      0.07163      0.01063
  0.2290  76.76      0.09951      0.01158      0.06859      0.01036
  0.2204  77.27      0.09634      0.01107      0.06565      0.01004
  0.2117  77.78      0.09330      0.01065      0.06281      0.00972
  0.2030  78.29      0.09043      0.01028      0.06009      0.00942
  0.1943  78.80      0.08772      0.00993      0.05750      0.00918
  0.1855  79.31      0.08517      0.00956      0.05502      0.00901
  0.1768  79.82      0.08273      0.00914      0.05264      0.00888
  0.1681  80.33      0.08033      0.00867      0.05035      0.00877
  0.1593  80.83      0.07795      0.00817      0.04810      0.00864
  0.1505  81.34      0.07561      0.00767      0.04591      0.00846
  0.1417  81.85      0.07335      0.00723      0.04380      0.00824
  0.1329  82.36      0.07121      0.00687      0.04179      0.00801
  0.1241  82.87      0.06922      0.00658      0.03990      0.00778
  0.1153  83.38      0.06735      0.00634      0.03812      0.00758
  0.1064  83.89      0.06556      0.00609      0.03641      0.00742
  0.0976  84.40      0.06380      0.00579      0.03476      0.00732
  0.0888  84.91      0.06209      0.00542      0.03313      0.00724
  0.0799  85.42      0.06041      0.00501      0.03154      0.00717
  0.0710  85.93      0.05881      0.00459      0.03000      0.00706
  0.0622  86.44      0.05729      0.00424      0.02852      0.00692
  0.0533  86.94      0.05585      0.00397      0.02712      0.00676
  0.0444  87.45      0.05448      0.00377      0.02582      0.00661
  0.0355  87.96      0.05314      0.00361      0.02459      0.00648
  0.0267  88.47      0.05184      0.00344      0.02342      0.00639
  0.0178  88.98      0.05058      0.00323      0.02228      0.00635
  0.0089  89.49      0.04938      0.00296      0.02116      0.00633
  0.0000  90.00      0.04825      0.00265      0.02006      0.00632
 -0.0089  90.51      0.04719      0.00235      0.01899      0.00628
 -0.0178  91.02      0.04618      0.00207      0.01795      0.00620
 -0.0267  91.53      0.04520      0.00186      0.01697      0.00610
 -0.0355  92.04      0.04426      0.00172      0.01605      0.00601
 -0.0444  92.55      0.04333      0.00161      0.01519      0.00594
 -0.0533  93.06      0.04242      0.00151      0.01437      0.00592
 -0.0622  93.56      0.04153      0.00140      0.01358      0.00594
 -0.0710  94.07      0.04068      0.00125      0.01280      0.00597
 -0.0799  94.58      0.03988      0.00108      0.01204      0.00599
 -0.0888  95.09      0.03913      0.00090      0.01128      0.00599
 -0.0976  95.60      0.03844      0.00073      0.01055      0.00595
 -0.1064  96.11      0.03780      0.00059      0.00986      0.00588
 -0.1153  96.62      0.03721      0.00048      0.00923      0.00581
 -0.1241  97.13      0.03662      0.00041      0.00863      0.00576
 -0.1329  97.64      0.03603      0.00035      0.00806      0.00574
 -0.1417  98.15      0.03543      0.00030      0.00751      0.00574
 -0.1505  98.66      0.03484      0.00026      0.00696      0.00575
 -0.1593  99.17      0.03428      0.00021      0.00645      0.00575
 -0.1681  99.67      0.03378      0.00015      0.00598      0.00574
 -0.1768 100.18      0.03335      0.00009      0.00557      0.00570
 -0.1855 100.69      0.03297      0.00001      0.00521      0.00565
 -0.1943 101.20      0.03264     -0.00008      0.00487      0.00559
 -0.2030 101.71      0.03233     -0.00019      0.00455      0.00552
 -0.2117 102.22      0.03204     -0.00028      0.00423      0.00546
 -0.2204 102.73      0.03176     -0.00036      0.00392      0.00542
 -0.2290 103.24      0.03152     -0.00042      0.00364      0.00540
 -0.2377 103.75      0.03131     -0.00047      0.00342      0.00539
 -0.2463 104.26      0.03113     -0.00054      0.00329      0.00540
 -0.2549 104.77      0.03098     -0.00064      0.00325      0.00542
 -0.2635 105.28      0.03087     -0.00079      0.00326      0.00544
 -0.2720 105.78      0.03080     -0.00099      0.00329      0.00546
 -0.2806 106.29      0.03078     -0.00122      0.00331      0.00548
 -0.2891 106.80      0.03083     -0.00147      0.00331      0.00551
 -0.2976 107.31      0.03096     -0.00173      0.00330      0.00558
 -0.3061 107.82      0.03115     -0.00200      0.00332      0.00569
 -0.3145 108.33      0.03138     -0.00229      0.00339      0.00585
 -0.3229 108.84      0.03163     -0.00260      0.00352      0.00604
 -0.3313 109.35      0.03189     -0.00294      0.00372      0.00626
 -0.3397 109.86      0.03215     -0.00331      0.00397      0.00652
 -0.3480 110.37      0.03245     -0.00373      0.00423      0.00680
 -0.3564 110.88      0.03280     -0.00419      0.00448      0.00711
 -0.3647 111.39      0.03322     -0.00469      0.00470      0.00745
 -0.3729 111.90      0.03372     -0.00522      0.00488      0.00785
 -0.3811 112.40      0.03428     -0.00576      0.00505      0.00830
 -0.3893 112.91      0.03490     -0.00632      0.00521      0.00882
 -0.3975 113.42      0.03556     -0.00689      0.00537      0.00938
 -0.4057 113.93      0.03623     -0.00746      0.00553      0.00998
 -0.4138 114.44      0.03692     -0.00805      0.00570      0.01061
 -0.4218 114.95      0.03763     -0.00865      0.00587      0.01126
 -0.4299 115.46      0.03837     -0.00928      0.00602      0.01196
 -0.4379 115.97      0.03913     -0.00993      0.00614      0.01272
 -0.4459 116.48      0.03993     -0.01059      0.00622      0.01355
 -0.4538 116.99      0.04076     -0.01125      0.00627      0.01444
 -0.4617 117.50      0.04165     -0.01190      0.00631      0.01539
 -0.4696 118.01      0.04259     -0.01250      0.00635      0.01638
 -0.4774 118.51      0.04357     -0.01308      0.00636      0.01739
 -0.4852 119.02      0.04458     -0.01362      0.00633      0.01844
 -0.4929 119.53      0.04563     -0.01417      0.00625      0.01953
 -0.5006 120.04      0.04674     -0.01475      0.00614      0.02069
 -0.5083 120.55      0.04792     -0.01536      0.00602      0.02193
 -0.5159 121.06      0.04915     -0.01599      0.00590      0.02327
 -0.5235 121.57      0.05044     -0.01660      0.00580      0.02469
 -0.5311 122.08      0.05177     -0.01717      0.00571      0.02619
 -0.5386 122.59      0.05317     -0.01768      0.00567      0.02776
 -0.5461 123.10      0.05468     -0.01817      0.00565      0.02939
 -0.5535 123.61      0.05631     -0.01868      0.00563      0.03112
 -0.5609 124.12      0.05806     -0.01924      0.00560      0.03296
 -0.5682 124.63      0.05995     -0.01985      0.00557      0.03494
 -0.5755 125.13      0.06199     -0.02052      0.00557      0.03706
 -0.5827 125.64      0.06421     -0.02124      0.00564      0.03935
 -0.5899 126.15      0.06664     -0.02201      0.00578      0.04180
 -0.5971 126.66      0.06927     -0.02284      0.00599      0.04442
 -0.6042 127.17      0.07211     -0.02375      0.00624      0.04723
 -0.6113 127.68      0.07519     -0.02476      0.00654      0.05025
 -0.6183 128.19      0.07854     -0.02592      0.00693      0.05347
 -0.6252 128.70      0.08219     -0.02731      0.00745      0.05690
 -0.6321 129.21      0.08616     -0.02893      0.00812      0.06056
 -0.6390 129.72      0.09044     -0.03075      0.00892      0.06443
 -0.6458 130.23      0.09502     -0.03276      0.00985      0.06854
 -0.6526 130.74      0.09993     -0.03495      0.01089      0.07288
 -0.6593 131.24      0.10519     -0.03739      0.01204      0.07742
 -0.6659 131.75      0.11083     -0.04020      0.01331      0.08215
 -0.6725 132.26      0.11687     -0.04343      0.01471      0.08707
 -0.6791 132.77      0.12330     -0.04710      0.01628      0.09215
 -0.6856 133.28      0.13011     -0.05121      0.01804      0.09735
 -0.6920 133.79      0.13725     -0.05572      0.02002      0.10263
 -0.6984 134.30      0.14467     -0.06064      0.02220      0.10789
 -0.7047 134.81      0.15229     -0.06597      0.02454      0.11307
 -0.7110 135.32      0.16007     -0.07173      0.02702      0.11806
 -0.7172 135.83      0.16795     -0.07796      0.02965      0.12275
 -0.7234 136.34      0.17588     -0.08465      0.03246      0.12702
 -0.7295 136.85      0.18379     -0.09175      0.03548      0.13078
 -0.7356 137.35      0.19160     -0.09917      0.03867      0.13392
 -0.7416 137.86      0.19921     -0.10679      0.04196      0.13634
 -0.7475 138.37      0.20649     -0.11451      0.04530      0.13793
 -0.7534 138.88      0.21328     -0.12222      0.04865      0.13852
 -0.7592 139.39      0.21945     -0.12986      0.05201      0.13794
 -0.7649 139.90      0.22488     -0.13731      0.05537      0.13607
 -0.7706 140.41      0.22948     -0.14439      0.05870      0.13283
 -0.7763 140.92      0.23316     -0.15088      0.06196      0.12820
 -0.7818 141.43      0.23584     -0.15655      0.06509      0.12219
 -0.7873 141.94      0.23742     -0.16117      0.06801      0.11483
 -0.7928 142.45      0.23784     -0.16458      0.07066      0.10613
 -0.7982 142.96      0.23705     -0.16662      0.07298      0.09616
 -0.8035 143.47      0.23510     -0.16715      0.07494      0.08508
 -0.8088 143.97      0.23203     -0.16604      0.07651      0.07309
 -0.8139 144.48      0.22794     -0.16315      0.07765      0.06047
 -0.8191 144.99      0.22292     -0.15841      0.07831      0.04752
 -0.8241 145.50      0.21711     -0.15181      0.07848      0.03457
 -0.8291 146.01      0.21066     -0.14341      0.07814      0.02195
 -0.8341 146.52      0.20378     -0.13335      0.07733      0.01000
 -0.8390 147.03      0.19666     -0.12182      0.07608     -0.00096
 -0.8438 147.54      0.18948     -0.10907      0.07441     -0.01062
 -0.8485 148.05      0.18243     -0.09536      0.07233     -0.01874
 -0.8532 148.56      0.17569     -0.08102      0.06986     -0.02509
 -0.8578 149.07      0.16942     -0.06638      0.06709     -0.02952
 -0.8623 149.58      0.16377     -0.05182      0.06409     -0.03197
 -0.8668 150.08      0.15884     -0.03768      0.06099     -0.03244
 -0.8712 150.59      0.15467     -0.02431      0.05787     -0.03103
 -0.8755 151.10      0.15131     -0.01198      0.05481     -0.02791
 -0.8798 151.61      0.14874     -0.00096      0.05186     -0.02331
 -0.8839 152.12      0.14690      0.00857      0.04907     -0.01750
 -0.8881 152.63      0.14569      0.01647      0.04649     -0.01082
 -0.8921 153.14      0.14503      0.02272      0.04417     -0.00359
 -0.8961 153.65      0.14481      0.02737      0.04216      0.00387
 -0.9000 154.16      0.14494      0.03051      0.04046      0.01128
 -0.9038 154.67      0.14535      0.03228      0.03910      0.01839
 -0.9076 155.18      0.14594      0.03285      0.03806      0.02498
 -0.9113 155.69      0.14662      0.03238      0.03734      0.03086
 -0.9149 156.20      0.14732      0.03109      0.03692      0.03587
 -0.9185 156.70      0.14795      0.02919      0.03677      0.03992
 -0.9220 157.21      0.14848      0.02692      0.03684      0.04296
 -0.9254 157.72      0.14889      0.02451      0.03709      0.04501
 -0.9287 158.23      0.14920      0.02217      0.03747      0.04617
 -0.9320 158.74      0.14945      0.02006      0.03792      0.04655
 -0.9351 159.25      0.14968      0.01826      0.03843      0.04631
 -0.9382 159.76      0.14994      0.01685      0.03895      0.04555
 -0.9413 160.27      0.15026      0.01588      0.03945      0.04437
 -0.9442 160.78      0.15065      0.01542      0.03991      0.04289
 -0.9471 161.29      0.15116      0.01551      0.04032      0.04121
 -0.9500 161.80      0.15182      0.01615      0.04069      0.03944
 -0.9527 162.31      0.15267      0.01731      0.04100      0.03770
 -0.9554 162.81      0.15373      0.01888      0.04124      0.03607
 -0.9579 163.32      0.15499      0.02075      0.04139      0.03464
 -0.9605 163.83      0.15648      0.02280      0.04148      0.03349
 -0.9629 164.34      0.15819      0.02500      0.04158      0.03269
 -0.9653 164.85      0.16014      0.02736      0.04179      0.03229
 -0.9675 165.36      0.16233      0.02989      0.04222      0.03227
 -0.9697 165.87      0.16476      0.03254      0.04296      0.03259
 -0.9719 166.38      0.16741      0.03517      0.04406      0.03318
 -0.9739 166.89      0.17032      0.03765      0.04555      0.03405
 -0.9759 167.40      0.17361      0.03987      0.04749      0.03522
 -0.9778 167.91      0.17750      0.04188      0.04991      0.03674
 -0.9796 168.42      0.18222      0.04386      0.05289      0.03871
 -0.9814 168.92      0.18794      0.04611      0.05641      0.04126
 -0.9830 169.43      0.19472      0.04894      0.06029      0.04443
 -0.9846 169.94      0.20243      0.05254      0.06433      0.04788
 -0.9861 170.45      0.21085      0.05680      0.06859      0.05072
 -0.9876 170.96      0.21976      0.06131      0.07369      0.05173
 -0.9889 171.47      0.22926      0.06543      0.08086      0.05012
 -0.9902 171.98      0.24016      0.06865      0.09137      0.04644
 -0.9914 172.49      0.25419      0.07108      0.10598      0.04271
 -0.9925 173.00      0.27369      0.07357      0.12484      0.04140
 -0.9936 173.51      0.30063      0.07726      0.14787      0.04377
 -0.9946 174.02      0.33524      0.08254      0.17491      0.04867
 -0.9954 174.53      0.37467      0.08799      0.20492      0.05265
 -0.9962 175.03      0.41231      0.08992      0.23432      0.05114
 -0.9970 175.54      0.43829      0.08310      0.25545      0.03997
 -0.9976 176.05      0.44226      0.06274      0.25634      0.01722
 -0.9982 176.56      0.41934      0.02762      0.22285     -0.01512
 -0.9987 177.07      0.37754     -0.01677      0.14337     -0.04999
 -0.9991 177.58      0.34108     -0.05738      0.01524     -0.07624
 -0.9994 178.09      0.34201     -0.07811     -0.15007     -0.08298
 -0.9997 178.60      0.39871     -0.06976     -0.32662     -0.06650
 -0.9999 179.11      0.49439     -0.03930     -0.48005     -0.03531
 -1.0000 179.61      0.57839     -0.00888     -0.57782     -0.00775
