C  WAVELENGTH=  0.213000E+01
C  REFRACT_INDEX=  0.129590E+01 -0.395800E-03
C  RADIUS_RANGE=   0.100000E+01   0.400000E+02
C  NUMBER_INTEGRATION_STEPS=4000
C  GAMMA_DIST_NTOT=  0.100000E+03
C  GAMMA_DIST_REFF=   10.0000
C  GAMMA_DIST_ALPHA=  7.000
  0.50515E+02    Extinction
  0.49431E+02    Scattering
 0.978537    Single scattering albedo
  202    Degree of legendre series
    0 0.10000E+01 0.41811E-02 0.94398E+00 0.19256E-01 0.10000E+01 0.94398E+00
    1 0.25278E+01 0.47120E-01 0.25590E+01 -.51075E-01 0.25278E+01 0.25590E+01
    2 0.38560E+01 -.18154E-02 0.37977E+01 -.29243E-01 0.38560E+01 0.37977E+01
    3 0.45624E+01 -.28096E-01 0.45689E+01 -.72908E-01 0.45624E+01 0.45689E+01
    4 0.52041E+01 0.20591E-01 0.52061E+01 -.13882E+00 0.52041E+01 0.52061E+01
    5 0.58101E+01 -.68962E-01 0.57782E+01 -.86203E-01 0.58101E+01 0.57782E+01
    6 0.63033E+01 0.26200E-01 0.62946E+01 -.13202E+00 0.63033E+01 0.62946E+01
    7 0.68274E+01 -.15486E-01 0.68328E+01 -.16003E+00 0.68274E+01 0.68328E+01
    8 0.74054E+01 -.16152E-01 0.73546E+01 -.10568E+00 0.74054E+01 0.73546E+01
    9 0.78174E+01 0.41179E-01 0.78433E+01 -.18213E+00 0.78174E+01 0.78433E+01
   10 0.83974E+01 -.24239E-01 0.83602E+01 -.15293E+00 0.83974E+01 0.83602E+01
   11 0.88000E+01 0.40920E-01 0.87982E+01 -.14385E+00 0.88000E+01 0.87982E+01
   12 0.92664E+01 0.12599E-01 0.92600E+01 -.20296E+00 0.92664E+01 0.92600E+01
   13 0.96734E+01 0.12115E-01 0.96591E+01 -.13277E+00 0.96734E+01 0.96591E+01
   14 0.10037E+02 0.44340E-01 0.10031E+02 -.19580E+00 0.10037E+02 0.10031E+02
   15 0.10379E+02 0.56404E-02 0.10381E+02 -.15823E+00 0.10379E+02 0.10381E+02
   16 0.10689E+02 0.38983E-01 0.10667E+02 -.16377E+00 0.10689E+02 0.10667E+02
   17 0.10928E+02 0.25706E-01 0.10947E+02 -.17205E+00 0.10928E+02 0.10947E+02
   18 0.11182E+02 0.18290E-01 0.11157E+02 -.14902E+00 0.11182E+02 0.11157E+02
   19 0.11341E+02 0.41046E-01 0.11361E+02 -.15492E+00 0.11341E+02 0.11361E+02
   20 0.11513E+02 0.96456E-02 0.11495E+02 -.14919E+00 0.11513E+02 0.11495E+02
   21 0.11615E+02 0.38838E-01 0.11632E+02 -.12622E+00 0.11615E+02 0.11632E+02
   22 0.11698E+02 0.12787E-01 0.11688E+02 -.14222E+00 0.11698E+02 0.11688E+02
   23 0.11746E+02 0.29029E-01 0.11764E+02 -.10408E+00 0.11746E+02 0.11764E+02
   24 0.11755E+02 0.15791E-01 0.11747E+02 -.12143E+00 0.11755E+02 0.11747E+02
   25 0.11743E+02 0.22042E-01 0.11765E+02 -.87831E-01 0.11743E+02 0.11765E+02
   26 0.11690E+02 0.13247E-01 0.11682E+02 -.94328E-01 0.11690E+02 0.11682E+02
   27 0.11621E+02 0.19201E-01 0.11646E+02 -.70442E-01 0.11621E+02 0.11646E+02
   28 0.11514E+02 0.75772E-02 0.11506E+02 -.67944E-01 0.11514E+02 0.11506E+02
   29 0.11393E+02 0.17125E-01 0.11421E+02 -.49429E-01 0.11393E+02 0.11421E+02
   30 0.11237E+02 0.23825E-02 0.11231E+02 -.43640E-01 0.11237E+02 0.11231E+02
   31 0.11072E+02 0.13683E-01 0.11102E+02 -.26811E-01 0.11072E+02 0.11102E+02
   32 0.10875E+02 -.11427E-02 0.10870E+02 -.20230E-01 0.10875E+02 0.10870E+02
   33 0.10672E+02 0.90528E-02 0.10703E+02 -.50715E-02 0.10672E+02 0.10703E+02
   34 0.10441E+02 -.35054E-02 0.10436E+02 0.27726E-02 0.10441E+02 0.10436E+02
   35 0.10206E+02 0.42074E-02 0.10237E+02 0.14719E-01 0.10206E+02 0.10237E+02
   36 0.99492E+01 -.53655E-02 0.99433E+01 0.24688E-01 0.99492E+01 0.99433E+01
   37 0.96869E+01 -.20835E-03 0.97191E+01 0.32466E-01 0.96869E+01 0.97191E+01
   38 0.94123E+01 -.69627E-02 0.94051E+01 0.44537E-01 0.94123E+01 0.94051E+01
   39 0.91294E+01 -.40057E-02 0.91612E+01 0.48221E-01 0.91294E+01 0.91612E+01
   40 0.88430E+01 -.82541E-02 0.88341E+01 0.61649E-01 0.88430E+01 0.88341E+01
   41 0.85457E+01 -.71927E-02 0.85763E+01 0.61890E-01 0.85457E+01 0.85763E+01
   42 0.82531E+01 -.91632E-02 0.82425E+01 0.75712E-01 0.82531E+01 0.82425E+01
   43 0.79474E+01 -.97895E-02 0.79761E+01 0.73329E-01 0.79474E+01 0.79761E+01
   44 0.76535E+01 -.96935E-02 0.76412E+01 0.86637E-01 0.76535E+01 0.76412E+01
   45 0.73447E+01 -.11782E-01 0.73711E+01 0.82454E-01 0.73447E+01 0.73711E+01
   46 0.70538E+01 -.99149E-02 0.70401E+01 0.94491E-01 0.70538E+01 0.70401E+01
   47 0.67469E+01 -.13170E-01 0.67709E+01 0.89254E-01 0.67469E+01 0.67709E+01
   48 0.64626E+01 -.99025E-02 0.64479E+01 0.99479E-01 0.64626E+01 0.64479E+01
   49 0.61619E+01 -.14007E-01 0.61833E+01 0.93791E-01 0.61619E+01 0.61833E+01
   50 0.58871E+01 -.97173E-02 0.58719E+01 0.10190E+00 0.58871E+01 0.58719E+01
   51 0.55961E+01 -.14377E-01 0.56150E+01 0.96209E-01 0.55961E+01 0.56150E+01
   52 0.53332E+01 -.94209E-02 0.53180E+01 0.10211E+00 0.53332E+01 0.53180E+01
   53 0.50548E+01 -.14370E-01 0.50713E+01 0.96709E-01 0.50548E+01 0.50713E+01
   54 0.48058E+01 -.90671E-02 0.47910E+01 0.10050E+00 0.48058E+01 0.47910E+01
   55 0.45421E+01 -.14082E-01 0.45565E+01 0.95530E-01 0.45421E+01 0.45565E+01
   56 0.43083E+01 -.86906E-02 0.42943E+01 0.97470E-01 0.43083E+01 0.42943E+01
   57 0.40608E+01 -.13599E-01 0.40732E+01 0.92930E-01 0.40608E+01 0.40732E+01
   58 0.38431E+01 -.83246E-02 0.38302E+01 0.93372E-01 0.38431E+01 0.38302E+01
   59 0.36129E+01 -.12982E-01 0.36236E+01 0.89194E-01 0.36129E+01 0.36236E+01
   60 0.34119E+01 -.79615E-02 0.34001E+01 0.88522E-01 0.34119E+01 0.34001E+01
   61 0.31993E+01 -.12291E-01 0.32085E+01 0.84580E-01 0.31993E+01 0.32085E+01
   62 0.30151E+01 -.76110E-02 0.30044E+01 0.83192E-01 0.30151E+01 0.30044E+01
   63 0.28201E+01 -.11543E-01 0.28280E+01 0.79351E-01 0.28201E+01 0.28280E+01
   64 0.26526E+01 -.72370E-02 0.26431E+01 0.77593E-01 0.26526E+01 0.26431E+01
   65 0.24749E+01 -.10786E-01 0.24818E+01 0.73723E-01 0.24749E+01 0.24818E+01
   66 0.23238E+01 -.68413E-02 0.23152E+01 0.71905E-01 0.23238E+01 0.23152E+01
   67 0.21628E+01 -.10008E-01 0.21688E+01 0.67887E-01 0.21628E+01 0.21688E+01
   68 0.20273E+01 -.63841E-02 0.20197E+01 0.66237E-01 0.20273E+01 0.20197E+01
   69 0.18823E+01 -.92507E-02 0.18875E+01 0.62019E-01 0.18823E+01 0.18875E+01
   70 0.17616E+01 -.58919E-02 0.17548E+01 0.60703E-01 0.17616E+01 0.17548E+01
   71 0.16317E+01 -.85092E-02 0.16363E+01 0.56244E-01 0.16317E+01 0.16363E+01
   72 0.15248E+01 -.53336E-02 0.15188E+01 0.55333E-01 0.15248E+01 0.15188E+01
   73 0.14090E+01 -.77571E-02 0.14131E+01 0.50665E-01 0.14090E+01 0.14131E+01
   74 0.13150E+01 -.47756E-02 0.13097E+01 0.50217E-01 0.13150E+01 0.13097E+01
   75 0.12122E+01 -.70399E-02 0.12158E+01 0.45351E-01 0.12122E+01 0.12158E+01
   76 0.11301E+01 -.42051E-02 0.11252E+01 0.45352E-01 0.11301E+01 0.11252E+01
   77 0.10393E+01 -.63712E-02 0.10424E+01 0.40351E-01 0.10393E+01 0.10424E+01
   78 0.96773E+00 -.35977E-02 0.96334E+00 0.40730E-01 0.96773E+00 0.96334E+00
   79 0.88789E+00 -.57339E-02 0.89065E+00 0.35736E-01 0.88789E+00 0.89065E+00
   80 0.82597E+00 -.30230E-02 0.82194E+00 0.36419E-01 0.82597E+00 0.82194E+00
   81 0.75605E+00 -.51028E-02 0.75842E+00 0.31481E-01 0.75605E+00 0.75842E+00
   82 0.70274E+00 -.25376E-02 0.69901E+00 0.32358E-01 0.70274E+00 0.69901E+00
   83 0.64174E+00 -.45303E-02 0.64371E+00 0.27589E-01 0.64174E+00 0.64371E+00
   84 0.59604E+00 -.20846E-02 0.59258E+00 0.28573E-01 0.59604E+00 0.59258E+00
   85 0.54304E+00 -.40022E-02 0.54467E+00 0.24077E-01 0.54304E+00 0.54467E+00
   86 0.50397E+00 -.16555E-02 0.50074E+00 0.25098E-01 0.50397E+00 0.50074E+00
   87 0.45816E+00 -.34896E-02 0.45947E+00 0.20929E-01 0.45816E+00 0.45947E+00
   88 0.42486E+00 -.13005E-02 0.42184E+00 0.21896E-01 0.42486E+00 0.42184E+00
   89 0.38540E+00 -.30183E-02 0.38645E+00 0.18091E-01 0.38540E+00 0.38645E+00
   90 0.35718E+00 -.10250E-02 0.35435E+00 0.18980E-01 0.35718E+00 0.35435E+00
   91 0.32329E+00 -.25901E-02 0.32412E+00 0.15556E-01 0.32329E+00 0.32412E+00
   92 0.29946E+00 -.79550E-03 0.29684E+00 0.16360E-01 0.29946E+00 0.29684E+00
   93 0.27046E+00 -.21938E-02 0.27112E+00 0.13328E-01 0.27046E+00 0.27112E+00
   94 0.25038E+00 -.61518E-03 0.24796E+00 0.14014E-01 0.25038E+00 0.24796E+00
   95 0.22566E+00 -.18353E-02 0.22620E+00 0.11382E-01 0.22566E+00 0.22620E+00
   96 0.20877E+00 -.48017E-03 0.20657E+00 0.11923E-01 0.20877E+00 0.20657E+00
   97 0.18779E+00 -.15215E-02 0.18823E+00 0.96839E-02 0.18779E+00 0.18823E+00
   98 0.17363E+00 -.37389E-03 0.17165E+00 0.10078E-01 0.17363E+00 0.17165E+00
   99 0.15588E+00 -.12539E-02 0.15625E+00 0.82057E-02 0.15588E+00 0.15625E+00
  100 0.14404E+00 -.28837E-03 0.14229E+00 0.84705E-02 0.14404E+00 0.14229E+00
  101 0.12908E+00 -.10305E-02 0.12939E+00 0.69274E-02 0.12908E+00 0.12939E+00
  102 0.11921E+00 -.22228E-03 0.11767E+00 0.70852E-02 0.11921E+00 0.11767E+00
  103 0.10664E+00 -.84780E-03 0.10690E+00 0.58297E-02 0.10664E+00 0.10690E+00
  104 0.98419E-01 -.17346E-03 0.97091E-01 0.59020E-02 0.98419E-01 0.97091E-01
  105 0.87898E-01 -.70082E-03 0.88122E-01 0.48920E-02 0.87898E-01 0.88122E-01
  106 0.81068E-01 -.13814E-03 0.79939E-01 0.48992E-02 0.81068E-01 0.79939E-01
  107 0.72292E-01 -.58333E-03 0.72482E-01 0.40937E-02 0.72292E-01 0.72482E-01
  108 0.66627E-01 -.11265E-03 0.65678E-01 0.40550E-02 0.66627E-01 0.65678E-01
  109 0.59328E-01 -.48847E-03 0.59490E-01 0.34161E-02 0.59328E-01 0.59490E-01
  110 0.54639E-01 -.94100E-04 0.53850E-01 0.33487E-02 0.54639E-01 0.53850E-01
  111 0.48587E-01 -.40982E-03 0.48725E-01 0.28429E-02 0.48587E-01 0.48725E-01
  112 0.44713E-01 -.80309E-04 0.44065E-01 0.27607E-02 0.44713E-01 0.44065E-01
  113 0.39710E-01 -.34274E-03 0.39827E-01 0.23595E-02 0.39710E-01 0.39827E-01
  114 0.36516E-01 -.69662E-04 0.35988E-01 0.22735E-02 0.36516E-01 0.35988E-01
  115 0.32392E-01 -.28498E-03 0.32490E-01 0.19532E-02 0.32392E-01 0.32490E-01
  116 0.29762E-01 -.60969E-04 0.29336E-01 0.18708E-02 0.29762E-01 0.29336E-01
  117 0.26372E-01 -.23568E-03 0.26453E-01 0.16128E-02 0.26372E-01 0.26453E-01
  118 0.24211E-01 -.53482E-04 0.23868E-01 0.15389E-02 0.24211E-01 0.23868E-01
  119 0.21431E-01 -.19414E-03 0.21498E-01 0.13285E-02 0.21431E-01 0.21498E-01
  120 0.19659E-01 -.46765E-04 0.19384E-01 0.12656E-02 0.19659E-01 0.19384E-01
  121 0.17384E-01 -.15950E-03 0.17439E-01 0.10918E-02 0.17384E-01 0.17439E-01
  122 0.15934E-01 -.40486E-04 0.15714E-01 0.10407E-02 0.15934E-01 0.15714E-01
  123 0.14076E-01 -.13068E-03 0.14122E-01 0.89530E-03 0.14076E-01 0.14122E-01
  124 0.12892E-01 -.34566E-04 0.12717E-01 0.85565E-03 0.12892E-01 0.12717E-01
  125 0.11378E-01 -.10680E-03 0.11415E-01 0.73254E-03 0.11378E-01 0.11415E-01
  126 0.10414E-01 -.29120E-04 0.10273E-01 0.70320E-03 0.10414E-01 0.10273E-01
  127 0.91809E-02 -.87191E-04 0.92115E-02 0.59839E-03 0.91809E-02 0.92115E-02
  128 0.83978E-02 -.24178E-04 0.82852E-02 0.57769E-03 0.83978E-02 0.82852E-02
  129 0.73962E-02 -.71005E-04 0.74210E-02 0.48839E-03 0.73962E-02 0.74210E-02
  130 0.67615E-02 -.19613E-04 0.66707E-02 0.47421E-03 0.67615E-02 0.66707E-02
  131 0.59488E-02 -.57606E-04 0.59689E-02 0.39805E-03 0.59488E-02 0.59689E-02
  132 0.54358E-02 -.15652E-04 0.53619E-02 0.38862E-03 0.54358E-02 0.53619E-02
  133 0.47773E-02 -.46735E-04 0.47936E-02 0.32385E-03 0.47773E-02 0.47936E-02
  134 0.43634E-02 -.12345E-04 0.43031E-02 0.31792E-03 0.43634E-02 0.43031E-02
  135 0.38307E-02 -.37872E-04 0.38438E-02 0.26319E-03 0.38307E-02 0.38438E-02
  136 0.34974E-02 -.94744E-05 0.34479E-02 0.25948E-03 0.34974E-02 0.34479E-02
  137 0.30671E-02 -.30543E-04 0.30775E-02 0.21350E-03 0.30671E-02 0.30775E-02
  138 0.27993E-02 -.71380E-05 0.27585E-02 0.21117E-03 0.27993E-02 0.27585E-02
  139 0.24523E-02 -.24614E-04 0.24604E-02 0.17290E-03 0.24523E-02 0.24604E-02
  140 0.22373E-02 -.53214E-05 0.22036E-02 0.17140E-03 0.22373E-02 0.22036E-02
  141 0.19578E-02 -.19816E-04 0.19640E-02 0.13979E-03 0.19578E-02 0.19640E-02
  142 0.17857E-02 -.38714E-05 0.17578E-02 0.13869E-03 0.17857E-02 0.17578E-02
  143 0.15610E-02 -.15908E-04 0.15656E-02 0.11279E-03 0.15610E-02 0.15656E-02
  144 0.14233E-02 -.27751E-05 0.14002E-02 0.11187E-03 0.14233E-02 0.14002E-02
  145 0.12430E-02 -.12759E-04 0.12462E-02 0.90823E-04 0.12430E-02 0.12462E-02
  146 0.11328E-02 -.19861E-05 0.11137E-02 0.89924E-04 0.11328E-02 0.11137E-02
  147 0.98839E-03 -.10228E-04 0.99065E-03 0.72956E-04 0.98839E-03 0.99065E-03
  148 0.90050E-03 -.13900E-05 0.88473E-03 0.72072E-04 0.90050E-03 0.88473E-03
  149 0.78497E-03 -.81661E-05 0.78642E-03 0.58462E-04 0.78497E-03 0.78642E-03
  150 0.71487E-03 -.97356E-06 0.70190E-03 0.57557E-04 0.71487E-03 0.70190E-03
  151 0.62262E-03 -.65186E-05 0.62351E-03 0.46705E-04 0.62262E-03 0.62351E-03
  152 0.56678E-03 -.68402E-06 0.55617E-03 0.45837E-04 0.56678E-03 0.55617E-03
  153 0.49325E-03 -.51880E-05 0.49373E-03 0.37211E-04 0.49325E-03 0.49373E-03
  154 0.44881E-03 -.49109E-06 0.44017E-03 0.36390E-04 0.44881E-03 0.44017E-03
  155 0.39028E-03 -.41333E-05 0.39052E-03 0.29580E-04 0.39028E-03 0.39052E-03
  156 0.35494E-03 -.36815E-06 0.34795E-03 0.28838E-04 0.35494E-03 0.34795E-03
  157 0.30843E-03 -.32762E-05 0.30853E-03 0.23474E-04 0.30843E-03 0.30853E-03
  158 0.28035E-03 -.27869E-06 0.27474E-03 0.22806E-04 0.28035E-03 0.27474E-03
  159 0.24345E-03 -.25837E-05 0.24348E-03 0.18602E-04 0.24345E-03 0.24348E-03
  160 0.22118E-03 -.21529E-06 0.21670E-03 0.18005E-04 0.22118E-03 0.21670E-03
  161 0.19194E-03 -.20199E-05 0.19195E-03 0.14718E-04 0.19194E-03 0.19195E-03
  162 0.17429E-03 -.17506E-06 0.17073E-03 0.14193E-04 0.17429E-03 0.17073E-03
  163 0.15114E-03 -.15756E-05 0.15116E-03 0.11632E-04 0.15114E-03 0.15116E-03
  164 0.13718E-03 -.15029E-06 0.13438E-03 0.11180E-04 0.13718E-03 0.13438E-03
  165 0.11888E-03 -.12223E-05 0.11891E-03 0.91907E-05 0.11888E-03 0.11891E-03
  166 0.10785E-03 -.13123E-06 0.10565E-03 0.88080E-05 0.10785E-03 0.10565E-03
  167 0.93395E-04 -.94165E-06 0.93440E-04 0.72601E-05 0.93395E-04 0.93440E-04
  168 0.84691E-04 -.11470E-06 0.82981E-04 0.69404E-05 0.84691E-04 0.82981E-04
  169 0.73288E-04 -.71983E-06 0.73343E-04 0.57326E-05 0.73288E-04 0.73343E-04
  170 0.66431E-04 -.96716E-07 0.65102E-04 0.54676E-05 0.66431E-04 0.65102E-04
  171 0.57449E-04 -.54887E-06 0.57509E-04 0.45178E-05 0.57449E-04 0.57509E-04
  172 0.52056E-04 -.82592E-07 0.51025E-04 0.43027E-05 0.52056E-04 0.51025E-04
  173 0.44991E-04 -.42641E-06 0.45052E-04 0.35561E-05 0.44991E-04 0.45052E-04
  174 0.40749E-04 -.74635E-07 0.39952E-04 0.33902E-05 0.40749E-04 0.39952E-04
  175 0.35195E-04 -.33718E-06 0.35254E-04 0.28035E-05 0.35195E-04 0.35254E-04
  176 0.31861E-04 -.63899E-07 0.31243E-04 0.26768E-05 0.31861E-04 0.31243E-04
  177 0.27497E-04 -.26396E-06 0.27551E-04 0.22098E-05 0.27497E-04 0.27551E-04
  178 0.24886E-04 -.49169E-07 0.24407E-04 0.21132E-05 0.24886E-04 0.24407E-04
  179 0.21461E-04 -.20384E-06 0.21511E-04 0.17376E-05 0.21461E-04 0.21511E-04
  180 0.19418E-04 -.36926E-07 0.19044E-04 0.16639E-05 0.19418E-04 0.19044E-04
  181 0.16731E-04 -.15960E-06 0.16776E-04 0.13618E-05 0.16731E-04 0.16776E-04
  182 0.15132E-04 -.30227E-07 0.14841E-04 0.13092E-05 0.15132E-04 0.14841E-04
  183 0.13027E-04 -.12830E-06 0.13068E-04 0.10678E-05 0.13027E-04 0.13068E-04
  184 0.11779E-04 -.24453E-07 0.11552E-04 0.10321E-05 0.11779E-04 0.11552E-04
  185 0.10131E-04 -.10264E-06 0.10166E-04 0.83920E-06 0.10131E-04 0.10166E-04
  186 0.91554E-05 -.18807E-07 0.89791E-05 0.81398E-06 0.91554E-05 0.89791E-05
  187 0.78680E-05 -.79197E-07 0.78961E-05 0.66012E-06 0.78680E-05 0.78961E-05
  188 0.71072E-05 -.11907E-07 0.69689E-05 0.64039E-06 0.71072E-05 0.69689E-05
  189 0.61034E-05 -.58630E-07 0.61263E-05 0.51587E-06 0.61034E-05 0.61263E-05
  190 0.55125E-05 -.72392E-08 0.54034E-05 0.50016E-06 0.55125E-05 0.54034E-05
  191 0.47301E-05 -.45910E-07 0.47490E-05 0.40051E-06 0.47301E-05 0.47490E-05
  192 0.42697E-05 -.74272E-08 0.41839E-05 0.39072E-06 0.42697E-05 0.41839E-05
  193 0.36595E-05 -.38893E-07 0.36743E-05 0.31390E-06 0.36595E-05 0.36743E-05
  194 0.33004E-05 -.71020E-08 0.32330E-05 0.30780E-06 0.33004E-05 0.32330E-05
  195 0.28262E-05 -.30305E-07 0.28370E-05 0.24820E-06 0.28262E-05 0.28370E-05
  196 0.25479E-05 -.32008E-08 0.24942E-05 0.24139E-06 0.25479E-05 0.24942E-05
  197 0.21797E-05 -.21073E-07 0.21872E-05 0.19351E-06 0.21797E-05 0.21872E-05
  198 0.19634E-05 -.16831E-08 0.19205E-05 0.18637E-06 0.19634E-05 0.19205E-05
  199 0.16763E-05 -.16658E-07 0.16823E-05 0.14919E-06 0.16763E-05 0.16823E-05
  200 0.15083E-05 -.18509E-08 0.14740E-05 0.14464E-06 0.15083E-05 0.14740E-05
  201 0.12851E-05 -.13907E-07 0.12896E-05 0.11572E-06 0.12851E-05 0.12896E-05
  202 0.11547E-05 -.11494E-08 0.11281E-05 0.11208E-06 0.11547E-05 0.11281E-05
